1.121968173324568580e-01
2.056617286753195384e-01
3.136636079567290958e-01
3.908477142417685068e-01
3.854359020045146633e-01
3.094721735599548773e-01
2.164192789638346437e-01
1.377124800458121301e-01
1.282767218803092524e-01
7.911968619457095120e-02
1.216606958153002190e-02
1.228444283046684904e-01
1.728158487310727520e-01
1.480950553426426952e-01
1.006308967213548067e-01
5.839581159707780272e-02
4.166978591638244578e-01
4.874878080533659452e-01
5.128252028799004103e-01
3.322256775152684360e-01
6.997555518883266656e-02
3.203217151175624666e-02
4.431896501522637755e-02
3.262735700738871036e-02
7.101539795066220684e-01
1.028820874653057160e+00
1.592326698546808750e+00
1.194739920147661616e+00
1.375651861931988518e-01
8.320380304907486202e-02
9.977146286802497654e-02
8.212366534594604806e-02
8.731593414644257534e-01
1.430590483637359078e+00
3.912970169592435710e+00
1.210370832166507871e+00
5.514232817994835223e-01
4.024268159828508495e-01
2.857840132531229149e-01
2.088007891797593885e-01
6.992477844187867664e-01
8.144924084482518811e-01
1.036832795485071568e+00
5.661649105002456217e+00
1.677823054931816493e+00
8.708751978875696187e-01
5.547480146320681316e-01
3.893795816522376274e-01
