1.882765159027634860e+00
1.907267418187424735e+00
1.748327186515550080e+00
2.232972725820801418e+00
2.769205694085331348e+00
3.678906922889217057e+00
4.531820425014116083e+00
4.995809591690727025e+00
8.500871886441065950e-01
1.163822925331081448e+00
1.282042440043070552e+00
1.662567182472171057e+00
2.279251941279675897e+00
2.860073396681541702e+00
3.847676719077207430e+00
4.756967988139711778e+00
1.451161409432877969e+00
1.353415389987255413e+00
1.330639123380586319e+00
1.719698437724471063e+00
2.159367759788108909e+00
2.981500674210949775e+00
3.806728000304729687e+00
5.225219744754252105e+00
3.264854117966216052e+00
2.793174461046465940e+00
2.564934370252384799e+00
2.475039561704735824e+00
2.784573913752733443e+00
3.463968535820501682e+00
4.464435080046652793e+00
5.357194225784255082e+00
4.937671376473426577e+00
4.282373392025184522e+00
3.731994341578771301e+00
3.911355015907059141e+00
4.014216139001301364e+00
4.465616803221625908e+00
5.467098908063046103e+00
6.240773197107023051e+00
7.184836930496881102e+00
5.545250394001891792e+00
4.710176926513878648e+00
4.594023490805198229e+00
4.978712862219655477e+00
5.896384947434701651e+00
6.130650918763670632e+00
7.007674505378928664e+00
