1.454679988422834747e+00
7.288345806188161191e-01
9.056370408203919808e-01
1.146124786157741937e+00
1.566698545964805511e+00
1.817397814940391987e+00
2.090280544897873849e+00
2.394379046533090971e+00
1.184045771068966246e+00
6.556592145630896207e-01
5.805009329580712585e-01
7.413444507016817564e-01
1.051103469305145754e+00
9.842227400416196925e-01
1.051220093103796716e+00
1.377981923763862193e+00
1.334361357564170181e+00
8.404017886145531691e-01
4.939416048880576615e-01
4.270238592364515307e-01
4.605796331264410126e-01
5.974388199579585557e-01
7.605285125444519734e-01
2.421067417688635981e-01
1.439397401568944357e+00
1.248772398598201772e+00
5.551167646672243716e-01
3.639289391331170798e-01
3.943104157946560329e-01
5.320323026709375958e-01
9.160429250031252302e-01
6.721240079417178936e-01
2.217993751842807892e+00
1.692857120985108210e+00
1.411203282380791624e+00
1.160908935549034959e+00
1.032517201282970198e+00
7.898532026768836367e-01
1.221417709397978557e+00
1.167569224373677939e+00
2.975663575446853670e+00
2.117502878503027652e+00
1.345813590279603567e+00
1.121542739620698059e+00
1.316642239410744653e+00
1.532968808432558783e+00
1.128070997114677398e+00
1.680186647806689804e+00
