4.100072222169808822e-01
5.034036747570880266e-01
6.227571929634511116e-01
7.571705854184065387e-01
8.796270254580198511e-01
9.572247376983165079e-01
9.742035268445284890e-01
9.411683590015853529e-01
5.128025023395995641e-01
6.417326690662772393e-01
8.245885021037318019e-01
1.049063954855950609e+00
1.244333967869079460e+00
1.307117315510277988e+00
1.220283365120341967e+00
1.063911007659882335e+00
6.092993270473178180e-01
7.833157593322130907e-01
1.083318397551665591e+00
1.566485868875682419e+00
2.061478937573810288e+00
1.996945506597696207e+00
1.479896680398802289e+00
1.041272070420917295e+00
6.403394765225141061e-01
8.087745545945146386e-01
1.162259107565339455e+00
2.117573409302459631e+00
5.060074592802230597e+00
3.355278193330858638e+00
9.659025683785632532e-01
4.437377847030635758e-01
5.521046731359063875e-01
5.854096270819195702e-01
5.879478964973733346e-01
3.227125705711341164e-01
3.454725602221382363e+00
5.952959467014306227e+00
1.794679389657379387e+00
8.329174866471495964e-01
3.835319861144117493e-01
2.604832113125526427e-01
4.026273561339065860e-02
7.590866183777785769e-01
2.065831015367067369e+00
2.796653225254631003e+00
2.218174841157608324e+00
1.495946194898472692e+00
