8.491746404355095257e-02
1.159716822969741046e-01
1.381323783427538809e-01
1.330565625063742374e-01
9.268744418470026281e-02
3.535842859752550554e-02
1.528629097409255240e-02
5.090843610400531266e-02
6.445185877154786802e-02
1.048089557295737578e-01
1.422949716232509154e-01
1.395655602014092833e-01
7.297264068031222850e-02
7.755853493562918019e-03
6.110127908800603441e-02
8.922088353337413735e-02
3.524569404006996920e-02
8.224375572517696187e-02
1.462581062026414858e-01
1.551257616854427868e-01
2.061161044219669489e-02
8.259376552090799684e-02
1.177641795502190614e-01
1.269007812899634602e-01
9.986272112730307324e-04
4.357692114964586971e-02
1.385469909247430131e-01
2.262540968966727517e-01
1.575124130866008831e-01
1.830851821886281261e-01
1.649136264855017853e-01
1.505123077078723559e-01
2.440040299076970745e-02
6.404152745759554566e-03
8.838189817170860607e-02
5.220271178654890543e-01
3.296472005251364079e-01
2.047950607246537269e-01
1.654168600423004121e-01
1.462934584485129641e-01
2.704917067630371180e-02
4.927880046976443502e-03
6.848910944282679547e-02
1.031512318028203479e-01
4.817351552437881823e-02
1.055956421019051544e-01
1.146925843230317543e-01
1.144984424373991366e-01
