9.374170217115930237e-01
7.778001281181478044e-01
5.207108929750050574e-01
2.563286720801070118e-01
2.488812209637394079e-01
3.248995691118816698e-01
5.156268499270207917e-01
7.643992570348033810e-01
6.405230804780526199e-01
6.017484637027328276e-01
5.755924631142513848e-01
4.864224124237771507e-01
3.207278473024362531e-01
3.237651041260689033e-01
3.492486367317995111e-01
5.175701982291598391e-01
4.967782175089068830e-01
4.134306131054263367e-01
5.169214367745997851e-01
5.551824031418581828e-01
5.584471719934787082e-01
6.213574227377953729e-01
3.935599577192948617e-01
2.894785290391267973e-01
2.714725721649557388e-01
9.486224087534488036e-02
4.917070814256041533e-01
4.425225753627185510e-01
6.806251269808912818e-01
6.862863267993638550e-01
1.026398590551560019e+00
4.006462110881702787e-01
7.080519670884568573e-01
3.003159106797769207e-01
1.573113520355227668e-01
2.170516592304137515e-01
3.261861815731240122e-01
8.201575908172439311e-01
4.510504155678382032e-01
1.431413621725597052e+00
1.599288600568612662e+00
6.106104341146739722e-01
1.015751017860477279e-01
4.310864986094228857e-01
3.101662942079948526e-01
2.995045803470862134e-01
1.044345341920122738e+00
4.581847322599494898e-01
