2.700966365766703348e+00
2.248040635164333167e+00
2.178191805631080058e+00
2.318977157090173602e+00
2.196818150839716655e+00
2.498858300635105945e+00
2.787966643615996443e+00
3.013647957158072987e+00
2.968405745541049523e+00
2.695997793051012614e+00
2.636352535298177369e+00
2.305561731286278615e+00
2.408504401716468735e+00
2.217357640341115044e+00
2.463999297136096445e+00
3.093540120121289316e+00
3.236647876996411988e+00
2.951913800620102890e+00
2.605582025196782503e+00
2.415683659356607116e+00
2.331678101745628506e+00
2.084990299778282097e+00
2.419738100573647355e+00
2.748396715492885001e+00
3.394348032350094968e+00
3.434660814573736065e+00
2.766499416346832163e+00
2.550420728838661333e+00
2.314693413498933872e+00
2.106191458095760805e+00
1.746319332407442859e+00
2.454743365775394537e+00
3.573117034201567677e+00
3.115321862352278259e+00
3.048802933102533252e+00
2.960803952560507213e+00
2.575505382230796947e+00
2.420082180232718372e+00
2.418258648702956926e+00
1.849244179522359754e+00
3.451735684846215513e+00
3.253945740801721165e+00
2.992523229257846751e+00
2.795577052230791448e+00
2.690713462432097192e+00
2.900932839741624747e+00
2.288094940524291854e+00
2.709473269636158310e+00
