5.479885282898608878e-01
5.933145616655468579e-01
6.134273436176707062e-01
5.833948062148146541e-01
4.973372002755829802e-01
3.840370271115511325e-01
2.807418012381556749e-01
2.044563977200456184e-01
6.520226672433035997e-01
7.542149139137368508e-01
8.361778924258034262e-01
8.165622414306628052e-01
6.439128478468865158e-01
4.147759173038711999e-01
2.426916755081301169e-01
1.432997915473611661e-01
7.414662556436970586e-01
9.413857399650060742e-01
1.209623577547240814e+00
1.335073707600955562e+00
8.943165964817487712e-01
3.492130383377943237e-01
9.720830466776389511e-02
1.058856723721372448e-02
7.511704856322131141e-01
1.023489174129442514e+00
1.629868381990200010e+00
3.030250303108772414e+00
1.106451751931953442e+00
1.965613202592169650e-01
2.614911502217873718e-01
2.124271128922355645e-01
6.256849899585437136e-01
7.829862170281516320e-01
1.070424950862031599e+00
1.180890357712100824e+00
5.201987105380345255e+00
1.434244598102940582e+00
7.387752370184185180e-01
4.650058663104401080e-01
4.162502353171225744e-01
3.744220073329505016e-01
1.286858205117790421e-01
8.051554234944253707e-01
1.884064561456806564e+00
1.459765476849020915e+00
9.309633545364452978e-01
6.207282701874977660e-01
