2.376870429596119605e-01
1.958059556787595801e-01
1.177435852582295051e-01
8.834736374696653197e-03
1.924154255028351079e-01
4.291717086000307879e-01
6.954478715307471637e-01
9.509629252244521380e-01
1.794264148824781802e-01
1.577312846397878610e-01
9.758725227253306489e-02
2.560591772980045852e-02
2.400001262864809859e-01
5.569761983508026981e-01
9.354889671924582206e-01
1.276200339012716345e+00
6.736240346523983402e-02
6.723948550947331237e-02
3.613980316242795116e-02
6.318724867419348024e-02
3.023299487440359035e-01
7.732939955442421631e-01
1.432481499003927850e+00
1.922391034947058541e+00
1.037262374570332712e-01
9.195396719247436734e-02
9.271044586301359358e-02
1.347687271565075340e-01
3.187460034573440515e-01
1.030781985069044282e+00
3.038229178465281066e+00
3.540153195123732388e+00
2.996470644034518460e-01
2.844963450400007088e-01
2.579241160219320483e-01
2.043221426375972649e-01
6.794713911161982811e-02
4.848616130939509272e-01
8.869547133012027018e+00
1.628764137275642954e+00
4.554962045495126177e-01
4.242834042430654318e-01
3.545613138022808419e-01
1.976308799978040431e-01
1.670219997756511032e-01
9.869203806076302099e-01
2.210451696516736675e+00
2.446197783185168895e+00
