1.773020188011763532e+00
1.466514468329216614e+00
1.088113647529006078e+00
6.480500205149242188e-01
4.595819547396673976e-01
7.974205814446418961e-01
1.476108869491305153e+00
1.735526469746711653e+00
2.440765114875097730e+00
1.707569460116342697e+00
1.161946632053732609e+00
6.720522044020215136e-01
8.926656231303146116e-01
1.583540231094505035e+00
1.938012769672534663e+00
2.109961274002266407e+00
3.011368843404896634e+00
1.964829532514323462e+00
1.028365459743285637e+00
8.727576360449245119e-01
1.316152653741873069e+00
2.322977587651006814e+00
2.470564535643291482e+00
2.857051142315382375e+00
3.814869806148972309e+00
2.748361530954066101e+00
1.347877690226988445e+00
6.105013268041692420e-01
1.423267260557241176e+00
2.659488712313658354e+00
4.151632297851079123e+00
3.678335616014391629e+00
4.651942372800362158e+00
3.574442161777354965e+00
2.273065372223112668e+00
1.142044504368574964e+00
6.009693639284110489e-01
2.268752365127165493e+00
2.909452310571952527e+00
5.423640065153993106e+00
6.109811913710495368e+00
3.975483361923085823e+00
2.210116572383473255e+00
8.176074327443474399e-01
4.159743645482169572e-01
9.459165775857412140e-01
3.485110716545277043e+00
3.834354246288705692e+00
