8.475350077710107399e+00
8.638006597353705018e+00
8.646455095827072057e+00
8.193065326368003554e+00
8.371458177152202751e+00
8.019650131108878810e+00
7.885942407960152778e+00
7.887904082366168801e+00
8.084853376640504408e+00
8.344715945001656365e+00
8.026967181248570782e+00
8.175711976800954517e+00
7.933387819213087333e+00
8.380704908648963780e+00
7.752022564967572471e+00
7.334520262434955029e+00
8.312176871306244053e+00
8.044272125912799609e+00
8.009626020079311459e+00
7.991340387151753433e+00
8.098824659488887079e+00
8.064213319428439775e+00
7.569267822864028439e+00
7.063666732747326371e+00
8.063287047630277371e+00
7.650431100754985003e+00
7.567768553465142212e+00
7.675884545293404138e+00
7.580408372125004846e+00
7.679842814397471074e+00
8.439414726795032351e+00
7.284741020854045956e+00
7.637149921386368945e+00
6.921380622944255379e+00
6.668027605017001314e+00
5.987878315492041637e+00
6.241683188652571879e+00
6.676640997338269656e+00
6.436821670872746814e+00
7.791412222264288090e+00
6.799383308020230388e+00
6.226231808149110591e+00
6.066071281539473503e+00
5.892493743582908117e+00
5.619203886460445219e+00
4.792239618199830353e+00
5.783097958766270530e+00
5.357327111128657116e+00
