6.511433475182430985e-01
8.539452753095003734e-01
1.108309856291823436e+00
1.405159151800303041e+00
1.705449730822527599e+00
1.934395893530150845e+00
2.013915036466586539e+00
1.922987660695393286e+00
5.587865593804219877e-01
7.807522812403139278e-01
1.094193341481797921e+00
1.515445403817381242e+00
2.005089684836746766e+00
2.400504125494508312e+00
2.477003888434377465e+00
2.205030730393686689e+00
4.164906032188854801e-01
6.261186476256810352e-01
9.705525857492570685e-01
1.547509897174676574e+00
2.439503949681396833e+00
3.342501366083693082e+00
3.331966410857300609e+00
2.467386981955458580e+00
2.278728364646858129e-01
3.648967326535759725e-01
6.235791240697143856e-01
1.190984058557827296e+00
2.687760474386609033e+00
6.143146655198707506e+00
4.964864940801918536e+00
1.978382885618101383e+00
3.056991025854415359e-02
4.420490539687420978e-02
5.820779754929779337e-02
5.819804292820908442e-02
9.530342570242986144e-02
7.510216299487377789e+00
2.903886304515429728e+00
8.185065302093130768e-01
1.145088471398138102e-01
2.014601462574348578e-01
3.865512881924353938e-01
8.274524808266371378e-01
1.972872675186983171e+00
4.026069003202346508e+00
3.671033841822795907e+00
2.117536661655012420e+00
