2.891842579609092745e+00
2.794301287439423298e+00
2.545881468018405869e+00
2.534401914422641955e+00
2.218964455139353475e+00
2.189275480988616795e+00
2.135287581619406350e+00
1.936993827839854188e+00
1.764150956392573022e+00
1.828073688872143610e+00
1.816120758540996638e+00
1.613714568933843463e+00
2.779884035022167854e+00
2.582089612021906788e+00
2.547401282295425951e+00
2.284539432210843213e+00
2.119283788452890782e+00
1.964508483238897041e+00
1.853252555871044205e+00
1.900814987046144156e+00
1.713370122557384301e+00
1.668169609078695492e+00
1.604493425440085774e+00
1.511128463290989155e+00
2.741311284548881844e+00
2.568793302309164694e+00
2.251516568315343303e+00
2.103353595773945095e+00
1.995228920550314644e+00
1.877651031378061663e+00
1.766171199821320092e+00
1.753724153474542691e+00
1.521484491237510062e+00
1.513407303283710759e+00
1.496392801646521775e+00
1.351731462201366529e+00
2.542205701527523676e+00
2.353250587291270346e+00
2.217519690070045790e+00
2.006814450900935132e+00
1.897450868739241736e+00
1.713723572183701638e+00
1.626734958073187576e+00
1.503724338310558295e+00
1.410352800221981839e+00
1.330989272354414776e+00
1.318484776608756626e+00
1.342996212421995184e+00
2.661276297829300308e+00
2.449859336763207551e+00
2.262184612475252710e+00
2.177778115920806723e+00
2.029444364892143415e+00
1.851280778672625749e+00
1.805408347171757466e+00
1.692996683113218381e+00
1.418599787075066176e+00
1.344598882145665142e+00
1.284152230455228194e+00
1.113329916662792352e+00
2.732778451602825953e+00
2.361937318258868768e+00
2.162211803395066134e+00
1.988883812741407464e+00
1.760241922871475184e+00
1.729838017781939907e+00
1.623128854995976367e+00
1.535450666558758837e+00
1.363637415651337115e+00
1.215484878435294513e+00
1.291483613954661713e+00
1.172284538269510845e+00
2.737101268241753704e+00
2.259722639497633967e+00
2.271153176434586474e+00
1.919605443218540541e+00
1.819308210504355650e+00
1.681078175186143886e+00
1.480956135176448640e+00
1.519147766502793928e+00
1.336245674537605010e+00
1.217312308867018134e+00
1.030793928878315224e+00
1.052551199456789544e+00
2.580073356244378502e+00
2.415619959356233082e+00
2.168884648839834561e+00
1.808338032958230812e+00
1.854740235360378353e+00
1.679392080870114823e+00
1.534356822378788676e+00
1.358120912598112184e+00
1.167759621905829492e+00
1.160227752716783911e+00
1.110257891532071772e+00
9.755986023739539048e-01
