1.690556334797160276e-01
1.620496151170623400e-01
1.554736740993398203e-01
1.493846175022839895e-01
1.438442893710454029e-01
1.389183582289175434e-01
1.346742586813587939e-01
1.311781867527054835e-01
1.284912154121106431e-01
1.266648460561782541e-01
1.257365859437410138e-01
1.257263293552340344e-01
1.636896960226165154e-01
1.559836855638772057e-01
1.486580598898156746e-01
1.417717969425411340e-01
1.353919535143354724e-01
1.295933438666480031e-01
1.244572356379883560e-01
1.200686772674636332e-01
1.165121712477643762e-01
1.138657097943681779e-01
1.121937106752593366e-01
1.115400044521624584e-01
1.596727505469626440e-01
1.512888094840516284e-01
1.432233762797478771e-01
1.355333249825911301e-01
1.282861796091212259e-01
1.215611805082907337e-01
1.154496096330958760e-01
1.100537103068220390e-01
1.054833682158541203e-01
1.018497806478945167e-01
9.925587990586039189e-02
9.778443947656605129e-02
1.571083042394543494e-01
1.480954384801258239e-01
1.393313086360817299e-01
1.308658980172650865e-01
1.227610198372706130e-01
1.150928657611185180e-01
1.079545392131651266e-01
1.014579339152205939e-01
9.573378297113144253e-02
9.092808740747362894e-02
8.719284366963536703e-02
8.466984070383375138e-02
1.560679741819885891e-01
1.465017925919279429e-01
1.371132850238263035e-01
1.279415712636123303e-01
1.190367733718368515e-01
1.104634609368771864e-01
1.023050048605995965e-01
9.466872169254633707e-02
8.769113264335005875e-02
8.154150876483710897e-02
7.641999469391005939e-02
7.254466594027975113e-02
1.565821419576641782e-01
1.465600657654850258e-01
1.366508456040976816e-01
1.268809259165733228e-01
1.172851233046072333e-01
1.079098974409068851e-01
9.881804902362810450e-02
9.009540881734383333e-02
8.186008549404272250e-02
7.427435313901310787e-02
6.755738672673040901e-02
6.199222933940670005e-02
1.586356930370284024e-01
1.482683102764280614e-01
1.379616453551982536e-01
1.277303972279103528e-01
1.175942523803126666e-01
1.075800959274958030e-01
9.772543638507140418e-02
8.808382271187084611e-02
7.873356184257362944e-02
6.979185287194840381e-02
6.143733982018227680e-02
5.394354225540206466e-02
1.621701586024257846e-01
1.515707494795012489e-01
1.409962371285846394e-01
1.304526760977369471e-01
1.199482286142655035e-01
1.094941524664212046e-01
9.910638895135967519e-02
8.880821058672550006e-02
7.863482202086488626e-02
6.864173097241232924e-02
5.892074556151246506e-02
4.963200896758813985e-02
