2.035978449471002316e-01
1.945402471278260270e-01
1.856683992485300416e-01
1.770447667092661381e-01
1.687409388330404492e-01
1.608384198376369145e-01
1.534290103158676699e-01
1.466144110828216940e-01
1.405045543581394385e-01
1.352140998107708159e-01
1.308566338435830090e-01
1.275365072663094124e-01
1.986042512903042623e-01
1.890564047824478122e-01
1.796541212785924269e-01
1.704571411347022836e-01
1.615352830935723183e-01
1.529699773850873579e-01
1.448556663618020268e-01
1.373006946140550022e-01
1.304270655133986379e-01
1.243681684870547310e-01
1.192634191017050149e-01
1.152489658032559428e-01
1.944058324837346918e-01
1.843931262678202010e-01
1.744821798266712465e-01
1.647279716946282446e-01
1.551958825196123881e-01
1.459639174603192813e-01
1.371252005435363019e-01
1.287904797911332833e-01
1.210900557355201052e-01
1.141740367623647195e-01
1.082091948890908234e-01
1.033702640254004074e-01
1.910645033189035669e-01
1.806237715710961311e-01
1.702394620868073749e-01
1.599599308473639292e-01
1.498434430652910432e-01
1.399608509340803664e-01
1.303989893339473627e-01
1.212647903533410065e-01
1.126898401209959905e-01
1.048344932982731431e-01
9.788954701525291735e-02
9.207188422424951446e-02
1.886348903160826040e-01
1.778145732853232686e-01
1.670064727280058392e-01
1.562509967730305593e-01
1.455971203689514493e-01
1.351051190127876278e-01
1.248503543373281899e-01
1.149284481053728935e-01
1.054621329920203826e-01
9.660971651522089199e-02
8.857400170718514321e-02
8.160795891464860119e-02
1.871609657687412498e-01
1.760202542020139205e-01
1.648516508434793304e-01
1.536871600275136196e-01
1.425653516998746650e-01
1.315336942905311612e-01
1.206520105251041863e-01
1.099976375823254332e-01
9.967313837268490517e-02
8.981766609127270207e-02
8.062297555860871434e-02
7.235346022316058168e-02
1.866729718482522393e-01
1.752798394144848004e-01
1.638256386990019076e-01
1.523345686593840509e-01
1.408351364361377089e-01
1.293617506055688426e-01
1.179572077206519493e-01
1.066766589491896094e-01
9.559408156213451691e-02
8.481305218632666232e-02
7.448489438992635103e-02
6.483891470400605928e-02
1.871850847007361374e-01
1.756133257417720195e-01
1.639564746325356537e-01
1.522325150401021843e-01
1.404617212911675461e-01
1.286674389682025688e-01
1.168773588000927843e-01
1.051256543721405257e-01
9.345669347009122330e-02
8.193175204601778339e-02
7.064174763419096836e-02
5.973264955453020525e-02
