7.902366235064589572e-01
8.771543476407688278e-01
9.263581503704062525e-01
8.938691140455143902e-01
7.645853747821089730e-01
5.822107852354212465e-01
4.091674309696983203e-01
2.769578784340129274e-01
9.420620025789623320e-01
1.112865162393105400e+00
1.253183596204627603e+00
1.229935261592685736e+00
9.564229172006201152e-01
5.861180708269261297e-01
3.039811242254954471e-01
1.383252092690279988e-01
1.085205187421001805e+00
1.403527319770276449e+00
1.821529532346197744e+00
1.989691844831654510e+00
1.260187599761366739e+00
3.973477366659281529e-01
6.337295879580858403e-03
1.243385728063740037e-01
1.132275865536966242e+00
1.576487188520283800e+00
2.543134605774531654e+00
4.593803658602886308e+00
1.269706242050906875e+00
6.027696585854285249e-01
6.356496152352654194e-01
5.263404440815883101e-01
9.962717305204076279e-01
1.299296746788831447e+00
1.890237671350963877e+00
2.745955197674048609e+00
8.456157122652466995e+00
2.551078362534038746e+00
1.403622722164669989e+00
9.419493488706904838e-01
7.297646826765952222e-01
7.369732628247629425e-01
4.728652085544881034e-01
8.895596913785670523e-01
2.825078864531529899e+00
2.397062512754092989e+00
1.633504040442768979e+00
1.158093078171868573e+00
