9.345236538355483624e-02
6.071957406308822747e-02
7.892500944056108454e-04
8.954817186204087898e-02
1.828152869913701184e-01
2.307339884565678678e-01
2.243724544866029791e-01
1.916815932909604614e-01
1.259390758202569849e-01
1.207145465212211416e-01
9.339515770404599460e-02
1.410152274954121557e-02
1.094526673033240499e-01
1.640376428202775516e-01
1.397937881772318425e-01
1.010467397624850439e-01
1.097950730200893538e-01
1.255180263194992096e-01
1.533678132089665580e-01
1.979589372195516006e-01
1.313953037027051629e-01
1.161232224161975329e-02
8.433046275604132863e-03
1.797332954869945362e-02
1.971256092025810286e-02
3.317785870607436582e-03
3.312882553693533016e-02
1.743780522148337953e-01
1.955875690699195424e+00
1.461453124917481972e-01
1.192033141587776901e-01
1.038761448564200218e-01
1.178947997075479731e-01
1.931814885501595969e-01
3.393008454558723574e-01
6.178917916938916344e-01
6.619639661642273687e-01
1.678823759476092692e-01
3.676992056003666742e-02
9.141529383966529032e-02
2.437740366994957941e-01
3.356780052988332375e-01
4.572205230118523978e-01
5.599982391189491926e-01
5.028944085640713046e-01
2.806089214342762372e-01
8.840522423873423130e-02
1.660310255493820455e-02
