1.226700550053202027e-01
1.322693732247331999e-01
1.193187993890715143e-01
6.939709069171243194e-02
5.712577139499595835e-03
7.098493588444959590e-02
1.092672337998224080e-01
1.259991657467557646e-01
3.090545696002787168e-01
3.893506818517916135e-01
4.426058799079999329e-01
3.812208447350105001e-01
2.003325838184177310e-01
3.482915507001248245e-02
5.801163011129834707e-02
1.007890703902414170e-01
5.134294391390710199e-01
7.357997512578960952e-01
9.930124812094798248e-01
9.145396520268466167e-01
4.102600547615620763e-01
6.704740028625560955e-02
7.223585159659753896e-02
1.234601786806504564e-01
6.835794062333436782e-01
1.139704627877752507e+00
2.075071875886274508e+00
1.946308003894742900e+00
3.726610449257721780e-01
8.654839926263921401e-02
1.870741701472461438e-01
2.051441030475258942e-01
6.935762238302238814e-01
1.278706569190543041e+00
4.056801337872693480e+00
2.226687229907081900e+00
5.132805062312605360e-01
4.803320535018016924e-01
3.999057095185791222e-01
3.395836506068963256e-01
3.921269013839079332e-01
4.015124562733508040e-01
1.929394847604577690e+00
5.841658177933330087e+00
1.727766356989656860e+00
9.505673949516094678e-01
6.548850844553335548e-01
5.028430035651886287e-01
