1.210816444947646175e+00
1.453584926906530184e+00
1.112990901768594387e+00
1.496898049052654445e+00
1.518591588974762097e+00
1.604674583173867353e+00
1.635125585444778817e+00
1.652866080202252785e+00
9.604958529498756059e-01
9.391297930989647158e-01
1.114205750062136957e+00
9.756504677786544955e-01
9.184486120128229070e-01
7.755464409445872453e-01
7.812459287838168231e-01
1.239088722569769319e+00
9.480417881816266545e-01
7.839544883667993735e-01
6.074188979725680948e-01
8.886084803198986970e-01
7.661192785048873688e-01
7.631149383102991957e-01
2.926127674358438013e-01
4.022239148578715118e-01
1.579039913118082783e+00
8.715176037650911312e-01
2.285220725168261857e-01
5.924664149812850500e-01
9.632062093759945487e-01
1.006036728124214630e+00
1.587809826467441621e+00
8.637487249383761778e-01
2.258099432073577439e+00
1.599452313589239338e+00
8.551355487710198267e-01
5.854130981940742773e-01
2.878498846823372981e-01
9.914429171197837176e-01
8.747173148533274878e-01
2.114046253206343096e+00
3.588383389493423170e+00
1.968497506448493306e+00
6.243723022926290778e-01
5.620423736203173509e-02
2.893145479079410887e-01
3.210598744828807583e-01
1.442726494013631733e+00
1.249388309513367323e+00
