2.706641334997768045e-01
1.971507711634655491e-01
1.126328567213027293e-01
3.366540884950774276e-02
2.355186472361988498e-02
5.291265233833328946e-02
5.874938120949870640e-02
4.945455268646644503e-02
3.467105201686261351e-01
2.641953496292087089e-01
1.504117959424076112e-01
3.929933167003529099e-02
3.098121737934741993e-02
5.352407570797044351e-02
4.517323268630515226e-02
2.329568359775586323e-02
4.556792146750483496e-01
3.895327465824832136e-01
2.295177410821164221e-01
4.531091922157787916e-02
4.034011831839477702e-02
3.963488625026911211e-02
9.067556822314330398e-03
2.473129063454396204e-02
5.574422474482654266e-01
6.321024427074873886e-01
4.899198681835441604e-01
2.541519041144293251e-02
4.051680866513168722e-02
1.316139202228178151e-02
6.127741672997429750e-02
9.605143335240180769e-02
4.301108006177582488e-01
5.544359034120430740e-01
1.232158786552870700e+00
3.573148066798865763e-01
1.397256725214372428e-02
1.064852095174912833e-01
1.483570495317265148e-01
1.722196578912475184e-01
9.530727647868227070e-02
6.076351671771337143e-02
2.866318831648850818e-01
1.612741894048085323e-01
5.682580273578864694e-02
1.563503744684832386e-01
2.002141585158435655e-01
2.220200138010254842e-01
