1679662971.545473
1679662971.563551
1679662971.571720
1679662971.577660
1679662971.596161
1679662971.628055
1679662971.660910
1679662971.696223
1679662971.728133
1679662971.764743
1679662971.796214
1679662971.828066
1679662971.864192
1679662971.896196
1679662971.928184
1679662971.964078
1679662971.996722
1679662972.032190
1679662972.064732
1679662972.096077
1679662972.132066
1679662972.164119
1679662972.196125
1679662972.232049
1679662972.264048
1679662972.300114
1679662972.332071
1679662972.364038
1679662972.400200
1679662972.432146
1679662972.464114
1679662972.500173
1679662972.532751
1679662972.568202
1679662972.600914
1679662972.632117
1679662972.668094
1679662972.700984
1679662972.736082
1679662972.768019
1679662972.800065
1679662972.836784
1679662972.869251
1679662972.900112
1679662972.936935
1679662972.968051
1679662973.004131
1679662973.036830
1679662973.068178
1679662973.104784
1679662973.136203
1679662973.168039
1679662973.204012
1679662973.236002
1679662973.272076
1679662973.304081
1679662973.336101
1679662973.372041
1679662973.404099
1679662973.436072
1679662973.472062
1679662973.504029
1679662973.540793
1679662973.572169
1679662973.605009
1679662973.640099
1679662973.672772
1679662973.708015
1679662973.740006
1679662973.773953
1679662973.808077
1679662973.840753
1679662973.872084
1679662973.908077
1679662973.940051
1679662973.976220
1679662974.008150
1679662974.040868
1679662974.076051
1679662974.108031
1679662974.140018
1679662974.176747
1679662974.208118
1679662974.244028
1679662974.276880
1679662974.308019
1679662974.344550
1679662974.376044
1679662974.408030
1679662974.444617
1679662974.476095
1679662974.512035
1679662974.544164
1679662974.575993
1679662974.611992
1679662974.644066
1679662974.680612
1679662974.712031
1679662974.743984
1679662974.780018
1679662974.812046
1679662974.844013
1679662974.879986
1679662974.912071
1679662974.947980
1679662974.980611
1679662975.012060
1679662975.048599
1679662975.080029
1679662975.112505
1679662975.148021
1679662975.180020
1679662975.215985
1679662975.248023
1679662975.280529
1679662975.316004
1679662975.348014
1679662975.380498
1679662975.416049
1679662975.448132
1679662975.484074
1679662975.516106
1679662975.548068
1679662975.584083
1679662975.616045
1679662975.652146
1679662975.684082
1679662975.716004
1679662975.752535
1679662975.784064
1679662975.816040
1679662975.851978
1679662975.884126
1679662975.920108
1679662975.952085
1679662975.984607
1679662976.020059
1679662976.052027
1679662976.083965
1679662976.119989
1679662976.152590
1679662976.188047
1679662976.219959
1679662976.252545
1679662976.287997
1679662976.320712
1679662976.351986
1679662976.388007
1679662976.420023
1679662976.455982
1679662976.488512
1679662976.520030
1679662976.556656
1679662976.588066
1679662976.623991
1679662976.656113
1679662976.688152
1679662976.723995
1679662976.755967
1679662976.788043
1679662976.823959
1679662976.856091
1679662976.892074
1679662976.924529
1679662976.955997
1679662976.992115
1679662977.024909
1679662977.056195
1679662977.091960
1679662977.123977
1679662977.160613
1679662977.192474
1679662977.223963
1679662977.260011
1679662977.292006
1679662977.323948
1679662977.359977
1679662977.391992
1679662977.428150
1679662977.459956
1679662977.491942
1679662977.528126
1679662977.560790
1679662977.596122
1679662977.627998
1679662977.659974
1679662977.696062
1679662977.727986
1679662977.760955
1679662977.796022
1679662977.827956
1679662977.864036
1679662977.896074
1679662977.927973
1679662977.963974
1679662977.996013
1679662978.028504
1679662978.064024
1679662978.095994
1679662978.132003
1679662978.164078
1679662978.196692
1679662978.231991
1679662978.264061
1679662978.296058
1679662978.332040
1679662978.364858
1679662978.400071
1679662978.432078
1679662978.464602
1679662978.500038
1679662978.532620
1679662978.564069
1679662978.600027
1679662978.632070
1679662978.668053
1679662978.700047
1679662978.731945
1679662978.768588
1679662978.800088
1679662978.836098
1679662978.868099
1679662978.900179
1679662978.937023
1679662978.967984
1679662979.000050
1679662979.036087
1679662979.068059
1679662979.104667
1679662979.136012
1679662979.168071
1679662979.204046
1679662979.236682
1679662979.268014
1679662979.304093
1679662979.336502
1679662979.371980
1679662979.404032
1679662979.436088
1679662979.472042
1679662979.504480
1679662979.536035
1679662979.572009
1679662979.604007
1679662979.640016
1679662979.672838
1679662979.704085
1679662979.740082
1679662979.772113
1679662979.808102
1679662979.840008
1679662979.871997
1679662979.907968
1679662979.939962
1679662979.971969
1679662980.008577
1679662980.039962
1679662980.076438
1679662980.107975
1679662980.140587
1679662980.175976
1679662980.207905
1679662980.239947
1679662980.277028
1679662980.308027
1679662980.343969
1679662980.376076
1679662980.408052
1679662980.444048
1679662980.476025
1679662980.507927
1679662980.544057
1679662980.576079
1679662980.611969
1679662980.644020
1679662980.675899
1679662980.711964
1679662980.743932
1679662980.779943
1679662980.812033
1679662980.843922
1679662980.880005
1679662980.912134
1679662980.944536
1679662980.980068
1679662981.012081
1679662981.048028
1679662981.080087
1679662981.112955
1679662981.148064
1679662981.180034
1679662981.211922
1679662981.247906
1679662981.279928
1679662981.315947
1679662981.347898
1679662981.379952
1679662981.416640
1679662981.448052
1679662981.479968
1679662981.516646
1679662981.547961
1679662981.583982
1679662981.615950
1679662981.647925
1679662981.684686
1679662981.715890
1679662981.751935
1679662981.784055
1679662981.816033
1679662981.852597
1679662981.883925
1679662981.915928
1679662981.951946
1679662981.983915
1679662982.020740
1679662982.051998
1679662982.084740
1679662982.119924
1679662982.152112
1679662982.184073
1679662982.220634
1679662982.252062
1679662982.288104
1679662982.320086
1679662982.352015
1679662982.388110
1679662982.420078
1679662982.451954
1679662982.488025
1679662982.520646
1679662982.556023
1679662982.588002
1679662982.619968
1679662982.656563
1679662982.687975
1679662982.724497
1679662982.756019
1679662982.788044
1679662982.823923
1679662982.856005
1679662982.888494
1679662982.923903
1679662982.956003
1679662982.991943
1679662983.024015
1679662983.056040
1679662983.092006
1679662983.124494
1679662983.156037
1679662983.191965
1679662983.224028
1679662983.260040
1679662983.292649
1679662983.323953
1679662983.360739
1679662983.392035
1679662983.424007
1679662983.460495
1679662983.491958
1679662983.528011
1679662983.560363
1679662983.591980
1679662983.627956
1679662983.660027
1679662983.696008
1679662983.728543
1679662983.760017
1679662983.796439
1679662983.828067
1679662983.859887
1679662983.896088
1679662983.928100
1679662983.963964
1679662983.995960
1679662984.028886
1679662984.063970
1679662984.096001
1679662984.127951
1679662984.163970
1679662984.195992
1679662984.232046
1679662984.263974
1679662984.295994
1679662984.332525
1679662984.364009
1679662984.396565
1679662984.432026
1679662984.464536
1679662984.500028
1679662984.532060
1679662984.564057
1679662984.600789
1679662984.632091
1679662984.668008
1679662984.699986
1679662984.732467
1679662984.767968
1679662984.800068
1679662984.831960
1679662984.867916
1679662984.899897
1679662984.935985
1679662984.968418
1679662985.000383
1679662985.036093
1679662985.068059
1679662985.100431
1679662985.136015
1679662985.167990
1679662985.204341
1679662985.235963
1679662985.268381
1679662985.304015
1679662985.335941
1679662985.367876
1679662985.403864
1679662985.436574
1679662985.471900
1679662985.503988
1679662985.536484
1679662985.571873
1679662985.603835
1679662985.640529
1679662985.671884
1679662985.703843
1679662985.739847
1679662985.771988
1679662985.803886
1679662985.839857
1679662985.871942
1679662985.907925
1679662985.939974
1679662985.971902
1679662986.007884
1679662986.039958
1679662986.071914
1679662986.107871
1679662986.139871
1679662986.175950
1679662986.207851
1679662986.240498
1679662986.275929
1679662986.307868
1679662986.340304
1679662986.375846
1679662986.408396
1679662986.444237
1679662986.475843
1679662986.507830
1679662986.543845
1679662986.575914
1679662986.611904
1679662986.644383
1679662986.675874
1679662986.711892
1679662986.743944
1679662986.775886
1679662986.812621
1679662986.844348
1679662986.879934
1679662986.911902
1679662986.943862
1679662986.980355
1679662987.011906
1679662987.044636
1679662987.079861
1679662987.111867
1679662987.147873
1679662987.179946
1679662987.212359
1679662987.247824
1679662987.279867
1679662987.311963
1679662987.348357
1679662987.379850
1679662987.415865
1679662987.448528
1679662987.479898
1679662987.515941
1679662987.547990
1679662987.584058
1679662987.616413
1679662987.647955
1679662987.683976
1679662987.715956
1679662987.747874
1679662987.784050
1679662987.816019
1679662987.851906
1679662987.884393
1679662987.915953
1679662987.952445
1679662987.983877
1679662988.015940
1679662988.051994
1679662988.083974
1679662988.119940
1679662988.151898
1679662988.184047
1679662988.219896
1679662988.251991
1679662988.284742
1679662988.320027
1679662988.351936
1679662988.387893
1679662988.419812
1679662988.451961
1679662988.488378
1679662988.519957
1679662988.555999
1679662988.587980
1679662988.619869
1679662988.656560
1679662988.687988
1679662988.719901
1679662988.755916
1679662988.787930
1679662988.823994
1679662988.856018
1679662988.887968
1679662988.924418
1679662988.955966
1679662988.987967
1679662989.023955
1679662989.056453
1679662989.091877
1679662989.124416
1679662989.155942
1679662989.191784
1679662989.223831
1679662989.255789
1679662989.291856
1679662989.324223
1679662989.359810
1679662989.391913
1679662989.424299
1679662989.459891
1679662989.491776
1679662989.528370
1679662989.559877
1679662989.591921
1679662989.627839
1679662989.659819
1679662989.691894
1679662989.728255
1679662989.759901
1679662989.795924
1679662989.827906
1679662989.859849
1679662989.895920
1679662989.927925
1679662989.959844
1679662989.995795
1679662990.027827
1679662990.063891
1679662990.095926
1679662990.128608
1679662990.163934
1679662990.195981
1679662990.228398
1679662990.263984
1679662990.295932
1679662990.331928
1679662990.364000
1679662990.396421
1679662990.431974
1679662990.463869
1679662990.499911
1679662990.531756
1679662990.564474
1679662990.599904
1679662990.631929
1679662990.663918
1679662990.699938
1679662990.731978
1679662990.768336
1679662990.799995
1679662990.831882
1679662990.868276
1679662990.899953
1679662990.931879
1679662990.968316
1679662990.999980
1679662991.035795
1679662991.068670
1679662991.099781
1679662991.135842
1679662991.168597
1679662991.199911
1679662991.235941
1679662991.267848
1679662991.304380
1679662991.335845
1679662991.368352
1679662991.403920
1679662991.435856
1679662991.471846
1679662991.503819
1679662991.536389
1679662991.571818
1679662991.604273
1679662991.635759
1679662991.672893
1679662991.703818
1679662991.739732
1679662991.772500
1679662991.803798
1679662991.840409
1679662991.871781
1679662991.903780
1679662991.940408
1679662991.971739
1679662992.007742
1679662992.039786
1679662992.071762
1679662992.108323
1679662992.139847
1679662992.171865
1679662992.208679
1679662992.239841
1679662992.275908
1679662992.308310
1679662992.339863
1679662992.375846
1679662992.407836
1679662992.443905
1679662992.476321
1679662992.507802
1679662992.543878
1679662992.576362
1679662992.608347
1679662992.643819
1679662992.675794
1679662992.711878
1679662992.744221
1679662992.775732
1679662992.812280
1679662992.843785
1679662992.875762
1679662992.911868
1679662992.943795
1679662992.979841
1679662993.011850
1679662993.043756
1679662993.079884
1679662993.111855
1679662993.143871
1679662993.179872
1679662993.212350
1679662993.247887
1679662993.279888
1679662993.311839
1679662993.347737
1679662993.380199
1679662993.415734
1679662993.447809
1679662993.479768
1679662993.515788
1679662993.548200
1679662993.579726
1679662993.615727
1679662993.647888
1679662993.683821
1679662993.716311
1679662993.747720
1679662993.784545
1679662993.815899
1679662993.847806
1679662993.883822
1679662993.915891
1679662993.951728
1679662993.983825
1679662994.015816
1679662994.052563
1679662994.083795
1679662994.115833
1679662994.152426
1679662994.183836
1679662994.220268
1679662994.252457
1679662994.283955
1679662994.319875
1679662994.352141
1679662994.387863
1679662994.420252
1679662994.452163
1679662994.487758
1679662994.519775
1679662994.552441
1679662994.587730
1679662994.619704
1679662994.656217
1679662994.687738
1679662994.719702
1679662994.755708
1679662994.787712
1679662994.819802
1679662994.855790
1679662994.888253
1679662994.923775
1679662994.955721
1679662994.987796
1679662995.023839
1679662995.055748
1679662995.087800
1679662995.124239
1679662995.155817
1679662995.191857
1679662995.223700
1679662995.255735
1679662995.292362
1679662995.323835
1679662995.360300
1679662995.391855
1679662995.423803
1679662995.459705
1679662995.491794
1679662995.523790
1679662995.559694
1679662995.591828
1679662995.627773
1679662995.659755
1679662995.691713
1679662995.727792
1679662995.760303
1679662995.791846
1679662995.827785
1679662995.859710
1679662995.896671
1679662995.927832
1679662995.960521
1679662995.995806
1679662996.028550
1679662996.059821
1679662996.095777
1679662996.127848
1679662996.163817
1679662996.195854
1679662996.227713
1679662996.263760
1679662996.295860
1679662996.332243
1679662996.363784
1679662996.395758
1679662996.432335
1679662996.463826
1679662996.495871
1679662996.531829
1679662996.564328
1679662996.599815
1679662996.631899
1679662996.663847
1679662996.699849
1679662996.732590
1679662996.763817
1679662996.799847
1679662996.831814
1679662996.867789
1679662996.899849
1679662996.931799
1679662996.967795
1679662996.999828
1679662997.031837
1679662997.067841
1679662997.099806
1679662997.135898
1679662997.167803
1679662997.199750
1679662997.235849
1679662997.267809
1679662997.303842
1679662997.336336
1679662997.367664
1679662997.403727
1679662997.435747
1679662997.467663
1679662997.503687
1679662997.535829
1679662997.572151
1679662997.603736
1679662997.635780
1679662997.671699
1679662997.703718
1679662997.735667
1679662997.771707
1679662997.803737
1679662997.839678
1679662997.871669
1679662997.903679
1679662997.939752
1679662997.971726
1679662998.004227
1679662998.039866
1679662998.071788
1679662998.108345
1679662998.139850
1679662998.171770
1679662998.207772
1679662998.239794
1679662998.272384
1679662998.307721
1679662998.340369
1679662998.375700
1679662998.408232
1679662998.439777
1679662998.475657
1679662998.508437
1679662998.543729
1679662998.576211
1679662998.607774
1679662998.643766
1679662998.676206
1679662998.707689
1679662998.744184
1679662998.775694
1679662998.811736
1679662998.843747
1679662998.875744
1679662998.911783
1679662998.943713
1679662998.975714
1679662999.011691
1679662999.043675
1679662999.080009
1679662999.111695
1679662999.143716
1679662999.180122
1679662999.211712
1679662999.243676
1679662999.280116
1679662999.311725
1679662999.347662
1679662999.379630
1679662999.411672
1679662999.447798
1679662999.479667
1679662999.515697
1679662999.547729
1679662999.580149
1679662999.615681
1679662999.647712
1679662999.679721
1679662999.715688
1679662999.747675
1679662999.783663
1679662999.815630
1679662999.847604
1679662999.883693
1679662999.915697
1679662999.947632
1679662999.983636
1679663000.015701
1679663000.051694
1679663000.083700
1679663000.115721
1679663000.151803
1679663000.183753
1679663000.215759
1679663000.251792
1679663000.283718
1679663000.319736
1679663000.351723
1679663000.384223
1679663000.419708
1679663000.451673
1679663000.487688
1679663000.519789
1679663000.552066
1679663000.587732
1679663000.619704
1679663000.651729
1679663000.687634
1679663000.719606
1679663000.756027
1679663000.787630
1679663000.819721
1679663000.855771
1679663000.888312
1679663000.919755
1679663000.955712
1679663000.987674
1679663001.024376
1679663001.057334
1679663001.087650
1679663001.123678
1679663001.155651
1679663001.187709
1679663001.223653
1679663001.255611
1679663001.291758
1679663001.323609
1679663001.355676
1679663001.391643
1679663001.423724
1679663001.459674
1679663001.492415
1679663001.523758
1679663001.559754
1679663001.591846
1679663001.623771
1679663001.659786
1679663001.691789
1679663001.728205
1679663001.759709
1679663001.791800
1679663001.827692
1679663001.859666
1679663001.891699
1679663001.927704
1679663001.959678
1679663001.995709
1679663002.028216
1679663002.059713
1679663002.095695
1679663002.128178
1679663002.160203
1679663002.195729
1679663002.227608
1679663002.264598
1679663002.295640
1679663002.327598
1679663002.363582
1679663002.396211
1679663002.431739
1679663002.463759
1679663002.496285
1679663002.531674
1679663002.563659
1679663002.595612
1679663002.632173
1679663002.663629
1679663002.700111
1679663002.731581
1679663002.764095
1679663002.799678
1679663002.831648
1679663002.863589
1679663002.899708
1679663002.931689
1679663002.968375
1679663002.999808
1679663003.031725
1679663003.067680
1679663003.099727
1679663003.131757
1679663003.167714
1679663003.199717
1679663003.235603
1679663003.267632
1679663003.299742
1679663003.336292
1679663003.367704
1679663003.403729
1679663003.435785
1679663003.467743
1679663003.504122
1679663003.535804
1679663003.568113
1679663003.603737
1679663003.635843
1679663003.671767
1679663003.703670
1679663003.735772
1679663003.772232
1679663003.803769
1679663003.835687
1679663003.872119
1679663003.903776
1679663003.939741
1679663003.971775
1679663004.003725
1679663004.039751
1679663004.071798
1679663004.103640
1679663004.139829
1679663004.171805
1679663004.208102
1679663004.239716
1679663004.271771
1679663004.308153
1679663004.339687
1679663004.375606
1679663004.408888
1679663004.439602
1679663004.476278
1679663004.507717
1679663004.540366
1679663004.575600
1679663004.607570
1679663004.644292
1679663004.675689
1679663004.707545
1679663004.743554
1679663004.775712
1679663004.808001
1679663004.843659
1679663004.875698
1679663004.912165
1679663004.943658
1679663004.975559
1679663005.011586
1679663005.044068
1679663005.075656
1679663005.111704
1679663005.143734
1679663005.179556
1679663005.212050
1679663005.243677
1679663005.279702
1679663005.311995
1679663005.347549
1679663005.380004
1679663005.411714
1679663005.447628
1679663005.479677
1679663005.511615
1679663005.547675
1679663005.579589
1679663005.615599
1679663005.647582
1679663005.679681
1679663005.715638
1679663005.747642
1679663005.779646
1679663005.815642
1679663005.847659
1679663005.883730
1679663005.915703
1679663005.947740
1679663005.983742
1679663006.015664
1679663006.047691
1679663006.083648
1679663006.115570
1679663006.151953
1679663006.183637
1679663006.215578
1679663006.251694
1679663006.283568
1679663006.319572
1679663006.351825
1679663006.383567
1679663006.419671
1679663006.452078
1679663006.483563
1679663006.519685
1679663006.551580
1679663006.587594
1679663006.619587
1679663006.651564
1679663006.687568
1679663006.719535
1679663006.751550
1679663006.787628
1679663006.819517
1679663006.855544
1679663006.887996
1679663006.919671
1679663006.955648
1679663006.987909
1679663007.019580
1679663007.055627
1679663007.087532
1679663007.123563
1679663007.155658
1679663007.187591
1679663007.223689
1679663007.255609
1679663007.291968
1679663007.323578
1679663007.355588
1679663007.391602
1679663007.423651
1679663007.455588
1679663007.491535
1679663007.523963
1679663007.559589
1679663007.591537
1679663007.623532
1679663007.659645
1679663007.691609
1679663007.723615
1679663007.759660
1679663007.791823
1679663007.827530
1679663007.859526
1679663007.891513
1679663007.927630
1679663007.960285
1679663007.991543
1679663008.027617
1679663008.059906
1679663008.095622
1679663008.127585
1679663008.159567
1679663008.195538
1679663008.227520
1679663008.263979
1679663008.295693
1679663008.327577
1679663008.363578
1679663008.395545
1679663008.427994
1679663008.463619
1679663008.495629
1679663008.532019
1679663008.563525
1679663008.595574
1679663008.631691
1679663008.663638
1679663008.696021
1679663008.731579
1679663008.763616
1679663008.799649
1679663008.831598
1679663008.863609
1679663008.899626
1679663008.931605
1679663008.963841
1679663008.999647
1679663009.031602
1679663009.067588
1679663009.099650
1679663009.131676
1679663009.167745
1679663009.199636
1679663009.235982
1679663009.267727
1679663009.299624
1679663009.335501
1679663009.367633
1679663009.399667
1679663009.435603
1679663009.467635
1679663009.504604
1679663009.535684
1679663009.567658
1679663009.603544
1679663009.635605
1679663009.668037
1679663009.703547
1679663009.735985
1679663009.771613
1679663009.803500
1679663009.835952
1679663009.871573
1679663009.903533
1679663009.935552
1679663009.971560
1679663010.003923
1679663010.039645
1679663010.072102
1679663010.103526
1679663010.139542
1679663010.171987
1679663010.207586
1679663010.239532
1679663010.271538
1679663010.307472
1679663010.339923
1679663010.371492
1679663010.407978
1679663010.439500
1679663010.475487
1679663010.507581
1679663010.540031
1679663010.575555
1679663010.608036
1679663010.639636
1679663010.675937
1679663010.707495
1679663010.743532
1679663010.775519
1679663010.807530
1679663010.843586
1679663010.875541
1679663010.907610
1679663010.943561
1679663010.975539
1679663011.011549
1679663011.043572
1679663011.076063
1679663011.111566
1679663011.143960
1679663011.179687
1679663011.211627
1679663011.243475
1679663011.279577
1679663011.311576
1679663011.343567
1679663011.379688
1679663011.411682
1679663011.447604
1679663011.479581
1679663011.512284
1679663011.547556
1679663011.579564
1679663011.612116
1679663011.647607
1679663011.679614
1679663011.715529
1679663011.748182
1679663011.779536
1679663011.815561
1679663011.847831
1679663011.879604
1679663011.915643
1679663011.948042
1679663011.983540
1679663012.016114
1679663012.047608
1679663012.083650
1679663012.116091
1679663012.151683
1679663012.183647
1679663012.216002
1679663012.251520
1679663012.283567
1679663012.315540
1679663012.351527
1679663012.383897
1679663012.420113
1679663012.451559
1679663012.483513
1679663012.520054
1679663012.551603
1679663012.583518
1679663012.619555
1679663012.651591
1679663012.687529
1679663012.719510
1679663012.751534
1679663012.787580
1679663012.819586
1679663012.851512
1679663012.887592
1679663012.919629
1679663012.955510
1679663012.987584
1679663013.020394
1679663013.055595
1679663013.087561
1679663013.123998
1679663013.155497
1679663013.187599
1679663013.223933
1679663013.255637
1679663013.288099
1679663013.323535
1679663013.355521
1679663013.391512
1679663013.423630
1679663013.455520
1679663013.491979
1679663013.523606
1679663013.555555
1679663013.591520
1679663013.623556
1679663013.659533
1679663013.691583
1679663013.723853
1679663013.759554
1679663013.791646
1679663013.823547
1679663013.859439
1679663013.891592
1679663013.927574
1679663013.960168
1679663013.991502
1679663014.027965
1679663014.059468
1679663014.095581
1679663014.127607
1679663014.159501
1679663014.195886
1679663014.227537
1679663014.259498
1679663014.295963
1679663014.327536
1679663014.363905
1679663014.395566
1679663014.428188
1679663014.463533
1679663014.496050
1679663014.527527
1679663014.563949
1679663014.595455
1679663014.631530
1679663014.663531
1679663014.695576
1679663014.731497
1679663014.763579
1679663014.795559
1679663014.831939
1679663014.863576
1679663014.899521
1679663014.931593
1679663014.963514
1679663014.999985
1679663015.031665
1679663015.068030
1679663015.099500
1679663015.131515
1679663015.167530
1679663015.200022
1679663015.231600
1679663015.267577
1679663015.299517
1679663015.335616
1679663015.367591
1679663015.399840
1679663015.435582
1679663015.467576
1679663015.499544
1679663015.535584
1679663015.567926
1679663015.603515
1679663015.635872
1679663015.667591
1679663015.703556
1679663015.736402
1679663015.767569
1679663015.803540
1679663015.836227
1679663015.871538
1679663015.903484
1679663015.935545
1679663015.971559
1679663016.004054
1679663016.039538
1679663016.071472
1679663016.103417
1679663016.139531
1679663016.171386
1679663016.203450
1679663016.239461
1679663016.271512
1679663016.307484
1679663016.339515
1679663016.371495
1679663016.407536
1679663016.439870
1679663016.471487
1679663016.507817
1679663016.539516
1679663016.575872
1679663016.607479
1679663016.639548
1679663016.675863
1679663016.707462
1679663016.739516
1679663016.775429
1679663016.807391
1679663016.843764
1679663016.875453
1679663016.907988
1679663016.943453
1679663016.975454
1679663017.011496
1679663017.043504
1679663017.075359
1679663017.111496
1679663017.143512
1679663017.175437
1679663017.211458
1679663017.244116
1679663017.279555
1679663017.311892
1679663017.344328
1679663017.379437
1679663017.411484
1679663017.443972
1679663017.479497
1679663017.511448
1679663017.547404
1679663017.579354
1679663017.612029
1679663017.647448
1679663017.679372
1679663017.711356
1679663017.747411
1679663017.779397
1679663017.816175
1679663017.847492
1679663017.879478
1679663017.915535
1679663017.947481
1679663017.983484
1679663018.015512
1679663018.047485
1679663018.083414
1679663018.115402
1679663018.147396
1679663018.183436
1679663018.215477
1679663018.251484
1679663018.283502
1679663018.315438
1679663018.351838
1679663018.383532
1679663018.415460
1679663018.451887
1679663018.483445
1679663018.519982
1679663018.551581
1679663018.583477
1679663018.620025
1679663018.651503
1679663018.683464
1679663018.719438
1679663018.751443
1679663018.787466
1679663018.819399
1679663018.851424
1679663018.887500
1679663018.919472
1679663018.951365
1679663018.987438
1679663019.019499
1679663019.055846
1679663019.087453
1679663019.119426
1679663019.155459
1679663019.187424
1679663019.223436
1679663019.255529
1679663019.287506
1679663019.325113
1679663019.355369
1679663019.387482
1679663019.423410
1679663019.455422
1679663019.491851
1679663019.523359
1679663019.555378
1679663019.591508
1679663019.623898
1679663019.655491
1679663019.691501
1679663019.723843
1679663019.759572
1679663019.791550
1679663019.823541
1679663019.859716
1679663019.891436
1679663019.923554
1679663019.960256
1679663019.991461
1679663020.027462
1679663020.059410
1679663020.091442
1679663020.128029
1679663020.159456
1679663020.195934
1679663020.227391
1679663020.259862
1679663020.295533
1679663020.327807
1679663020.359383
1679663020.395483
1679663020.427476
1679663020.463466
1679663020.495788
1679663020.527390
1679663020.563358
1679663020.595906
1679663020.627499
1679663020.663564
1679663020.695416
1679663020.731446
1679663020.763445
1679663020.795978
1679663020.831538
1679663020.863859
1679663020.895492
1679663020.931429
1679663020.963431
1679663020.999496
1679663021.031479
1679663021.063437
1679663021.099520
1679663021.131447
1679663021.167919
1679663021.199543
1679663021.231480
1679663021.267590
1679663021.299567
1679663021.331851
1679663021.367514
1679663021.399518
1679663021.435475
1679663021.467449
1679663021.499460
1679663021.535470
1679663021.567898
1679663021.599359
1679663021.635886
1679663021.668736
1679663021.703329
1679663021.735428
1679663021.767485
1679663021.803516
1679663021.835748
1679663021.867397
1679663021.903479
1679663021.935882
1679663021.971510
1679663022.003495
1679663022.035527
1679663022.071436
1679663022.103379
1679663022.139449
1679663022.171490
1679663022.203425
1679663022.239461
1679663022.271545
1679663022.303322
1679663022.339445
1679663022.371738
1679663022.407428
1679663022.439757
1679663022.471373
1679663022.507744
1679663022.539438
1679663022.571375
1679663022.607780
1679663022.639446
1679663022.675927
1679663022.707397
1679663022.739878
1679663022.775465
1679663022.807476
1679663022.839422
1679663022.875401
1679663022.907403
1679663022.944290
1679663022.975380
1679663023.007361
1679663023.043374
1679663023.075380
1679663023.111392
1679663023.143367
1679663023.175409
1679663023.211734
1679663023.243434
1679663023.275445
1679663023.311475
1679663023.343429
1679663023.379905
1679663023.411555
1679663023.443447
1679663023.479408
1679663023.511544
1679663023.543441
1679663023.580309
1679663023.611426
1679663023.647671
1679663023.679401
1679663023.711305
1679663023.747295
1679663023.779372
1679663023.811320
1679663023.847842
1679663023.879344
1679663023.915378
1679663023.947327
1679663023.979380
1679663024.015368
1679663024.047484
1679663024.083463
1679663024.115743
1679663024.147419
1679663024.183362
1679663024.215300
1679663024.247441
1679663024.283406
1679663024.315378
1679663024.351290
1679663024.383370
1679663024.415449
1679663024.451675
1679663024.483392
1679663024.515365
1679663024.551397
1679663024.583482
1679663024.619372
1679663024.651403
1679663024.683348
1679663024.719371
1679663024.751426
1679663024.783401
1679663024.819976
1679663024.851439
1679663024.887459
1679663024.919353
1679663024.951371
1679663024.987335
1679663025.019984
1679663025.055415
1679663025.089020
1679663025.119427
1679663025.155526
1679663025.187793
1679663025.219427
1679663025.255416
1679663025.287412
1679663025.323377
1679663025.355353
1679663025.387406
1679663025.423410
1679663025.455327
1679663025.487330
1679663025.523428
1679663025.555765
1679663025.591473
1679663025.623399
1679663025.655367
1679663025.691359
1679663025.723354
1679663025.755490
1679663025.791385
1679663025.823356
1679663025.859399
1679663025.891404
1679663025.923356
1679663025.959334
1679663025.991251
1679663026.027292
1679663026.059363
1679663026.091271
1679663026.127317
1679663026.159396
1679663026.191772
1679663026.227330
1679663026.260026
1679663026.295389
1679663026.327759
1679663026.359340
1679663026.395367
1679663026.427388
1679663026.459828
1679663026.495366
1679663026.527395
1679663026.563330
1679663026.595396
1679663026.627253
1679663026.663283
1679663026.695276
1679663026.727255
