1679662971.588718
1679662971.624671
1679662971.656674
1679662971.708119
1679662971.736427
1679662971.808045
1679662971.839867
1679662971.906629
1679662971.956643
1679662972.024754
1679662972.105883
1679662972.176653
1679662972.256664
1679662972.341646
1679662972.416652
1679662972.510844
1679662972.596659
1679662972.684676
1679662972.780268
1679662972.864658
1679662972.956665
1679662973.048977
1679662973.149073
1679662973.224627
1679662973.317592
1679662973.413790
1679662973.496622
1679662973.585866
1679662973.685098
1679662973.769293
1679662973.856639
1679662973.950063
1679662974.036722
1679662974.128656
1679662974.217994
1679662974.315028
1679662974.396746
1679662974.488704
1679662974.586049
1679662974.668607
1679662974.756614
1679662974.851696
1679662974.936596
1679662975.028593
1679662975.121634
1679662975.208602
1679662975.296597
1679662975.390590
1679662975.476611
1679662975.568680
1679662975.661799
1679662975.748642
1679662975.840606
1679662975.929729
1679662976.030995
1679662976.108616
1679662976.200574
1679662976.295748
1679662976.380639
1679662976.468596
1679662976.565719
1679662976.648698
1679662976.740619
1679662976.834102
1679662976.920594
1679662977.008595
1679662977.101058
1679662977.188588
1679662977.280713
1679662977.368742
1679662977.473252
1679662977.548586
1679662977.640589
1679662977.740827
1679662977.820590
1679662977.912556
1679662978.005059
1679662978.092648
1679662978.180633
1679662978.273884
1679662978.360710
1679662978.452654
1679662978.542597
1679662978.642173
1679662978.720633
1679662978.812638
1679662978.910675
1679662978.992684
1679662979.075125
1679662979.152576
1679662979.232665
1679662979.314111
1679662979.392628
1679662979.482505
1679662979.552624
1679662979.632549
1679662979.712610
1679662979.792701
1679662979.879604
1679662979.952560
1679662980.032622
1679662980.117798
1679662980.192612
1679662980.272679
1679662980.352970
1679662980.432698
1679662980.515540
1679662980.592574
1679662980.672603
1679662980.752713
1679662980.832538
1679662980.919335
1679662980.992661
1679662981.072688
1679662981.158038
1679662981.232649
1679662981.312606
1679662981.392535
1679662981.472598
1679662981.560019
1679662981.632552
1679662981.712502
1679662981.797382
1679662981.876491
1679662981.962591
1679662982.036601
1679662982.116610
1679662982.196600
1679662982.276686
1679662982.360246
1679662982.436514
1679662982.516614
1679662982.598659
1679662982.676603
1679662982.765715
1679662982.836547
1679662982.916584
1679662982.998617
1679662983.076584
1679662983.163213
1679662983.236568
1679662983.316575
1679662983.401806
1679662983.476509
1679662983.556510
1679662983.637413
1679662983.716580
1679662983.806366
1679662983.876615
1679662983.956556
1679662984.038907
1679662984.116615
1679662984.205703
1679662984.277036
1679662984.356528
1679662984.441960
1679662984.516598
1679662984.596588
1679662984.678653
1679662984.756543
1679662984.842635
1679662984.916572
1679662984.996594
1679662985.077640
1679662985.156551
1679662985.245844
1679662985.316457
1679662985.396560
1679662985.482434
1679662985.556558
1679662985.636560
1679662985.720439
1679662985.800451
1679662985.881201
1679662985.960522
1679662986.047648
1679662986.120485
1679662986.200448
1679662986.284737
1679662986.360484
1679662986.440440
1679662986.520467
1679662986.600527
1679662986.682760
1679662986.760461
1679662986.840443
1679662986.921756
1679662987.000519
1679662987.088803
1679662987.160428
1679662987.240472
1679662987.321852
1679662987.400450
1679662987.487485
1679662987.560491
1679662987.640529
1679662987.725586
1679662987.800601
1679662987.880551
1679662987.962079
1679662988.040498
1679662988.127571
1679662988.200510
1679662988.280509
1679662988.361984
1679662988.440562
1679662988.529556
1679662988.600497
1679662988.680571
1679662988.765884
1679662988.840418
1679662988.920549
1679662989.000486
1679662989.080509
1679662989.165930
1679662989.240422
1679662989.320415
1679662989.400499
1679662989.480429
1679662989.567478
1679662989.644482
1679662989.724444
1679662989.805704
1679662989.884550
1679662989.969580
1679662990.044493
1679662990.124464
1679662990.206293
1679662990.284580
1679662990.374072
1679662990.444462
1679662990.524493
1679662990.610133
1679662990.684573
1679662990.764516
1679662990.844427
1679662990.924449
1679662991.012793
1679662991.084383
1679662991.164491
1679662991.245426
1679662991.324477
1679662991.413207
1679662991.484398
1679662991.564454
1679662991.644451
1679662991.724444
1679662991.813964
1679662991.884401
1679662991.964351
1679662992.049798
1679662992.124438
1679662992.204446
1679662992.286055
1679662992.364394
1679662992.453874
1679662992.524464
1679662992.604479
1679662992.685361
1679662992.764462
1679662992.853498
1679662992.924340
1679662993.004374
1679662993.087560
1679662993.164356
1679662993.244383
1679662993.324862
1679662993.404451
1679662993.488987
1679662993.576348
1679662993.668336
1679662993.756374
1679662993.857778
1679662993.948438
1679662994.048401
1679662994.148426
1679662994.248521
1679662994.348437
1679662994.448393
1679662994.548400
1679662994.648333
1679662994.748293
1679662994.848387
1679662994.948322
1679662995.048320
1679662995.148411
1679662995.248346
1679662995.348316
1679662995.448344
1679662995.548372
1679662995.648424
1679662995.748406
1679662995.848430
1679662995.948382
1679662996.048382
1679662996.148415
1679662996.248356
1679662996.348404
1679662996.448401
1679662996.548326
1679662996.648424
1679662996.748418
1679662996.848319
1679662996.948390
1679662997.048382
1679662997.148399
1679662997.248402
1679662997.348313
1679662997.448314
1679662997.548349
1679662997.648268
1679662997.748316
1679662997.848281
1679662997.952334
1679662998.052335
1679662998.152294
1679662998.252374
1679662998.352359
1679662998.452333
1679662998.553291
1679662998.652370
1679662998.754291
1679662998.853227
1679662998.953278
1679662999.052252
1679662999.152783
1679662999.252658
1679662999.356830
1679662999.457350
1679662999.554796
1679662999.654902
1679662999.757521
1679662999.854136
1679662999.954366
1679663000.061373
1679663000.161498
1679663000.258851
1679663000.361316
1679663000.461389
1679663000.561644
1679663000.661696
1679663000.752234
1679663000.852344
1679663000.952229
1679663001.052306
1679663001.152218
1679663001.252241
1679663001.352344
1679663001.452306
1679663001.552293
1679663001.652406
1679663001.752336
1679663001.852342
1679663001.952295
1679663002.052288
1679663002.152309
1679663002.252246
1679663002.356235
1679663002.456227
1679663002.556194
1679663002.656209
1679663002.756212
1679663002.856248
1679663002.956263
1679663003.056231
1679663003.156285
1679663003.256266
1679663003.356338
1679663003.456358
1679663003.556288
1679663003.646093
1679663003.743875
1679663003.824222
1679663003.916280
1679663004.013975
1679663004.096345
1679663004.184197
1679663004.278647
1679663004.364305
1679663004.456231
1679663004.551224
1679663004.636293
1679663004.728269
1679663004.817564
1679663004.908204
1679663004.996206
1679663005.088171
1679663005.176236
1679663005.268235
1679663005.356184
1679663005.456713
1679663005.536149
1679663005.628183
1679663005.725066
1679663005.808222
1679663005.896173
1679663005.993669
1679663006.076231
1679663006.168230
1679663006.260886
1679663006.348155
1679663006.436234
1679663006.531199
1679663006.629498
1679663006.708212
1679663006.800135
1679663006.897621
1679663006.980176
1679663007.068208
1679663007.164902
1679663007.248225
1679663007.340137
1679663007.432659
1679663007.520188
1679663007.608270
1679663007.700146
1679663007.788203
1679663007.880248
1679663007.969300
1679663008.068957
1679663008.148210
1679663008.240128
1679663008.336212
1679663008.420117
1679663008.508231
1679663008.602299
1679663008.692123
1679663008.780118
1679663008.873121
1679663008.960122
1679663009.052180
1679663009.141237
1679663009.232309
1679663009.320095
1679663009.412172
1679663009.500236
1679663009.592108
1679663009.680194
1679663009.778558
1679663009.860103
1679663009.952104
1679663010.047182
1679663010.132137
1679663010.220184
1679663010.314249
1679663010.400142
1679663010.492110
1679663010.582174
1679663010.672079
1679663010.764143
1679663010.854106
1679663010.950606
1679663011.032195
1679663011.124137
1679663011.221005
1679663011.304271
1679663011.392151
1679663011.487003
1679663011.572231
1679663011.664189
1679663011.757723
1679663011.844119
1679663011.932095
1679663012.025739
1679663012.112196
1679663012.204158
1679663012.293925
1679663012.395386
1679663012.472168
1679663012.564096
1679663012.661531
1679663012.744121
1679663012.836041
1679663012.927365
1679663013.016138
1679663013.104177
1679663013.196070
1679663013.284155
1679663013.376139
1679663013.465854
1679663013.565275
1679663013.644104
1679663013.736159
1679663013.834037
1679663013.916223
1679663014.004203
1679663014.105369
1679663014.184060
1679663014.276046
1679663014.373685
1679663014.456174
1679663014.544133
1679663014.640461
1679663014.724132
1679663014.816206
1679663014.908930
1679663014.996103
1679663015.088075
1679663015.177396
1679663015.274306
1679663015.356141
1679663015.448120
1679663015.544480
1679663015.628187
1679663015.716120
1679663015.816504
1679663015.896082
1679663015.988092
1679663016.081399
1679663016.168168
1679663016.256045
1679663016.350955
1679663016.436084
1679663016.528003
1679663016.617365
1679663016.714662
1679663016.795988
1679663016.888124
1679663016.984868
1679663017.068028
1679663017.160009
1679663017.253817
1679663017.340124
1679663017.428153
1679663017.520462
1679663017.608009
1679663017.699973
1679663017.787975
1679663017.886733
1679663017.968020
1679663018.059962
1679663018.157091
1679663018.240070
1679663018.328012
1679663018.422555
1679663018.508050
1679663018.599978
1679663018.690791
1679663018.780066
1679663018.868075
1679663018.960740
1679663019.047983
1679663019.140008
1679663019.233710
1679663019.319957
1679663019.412043
1679663019.501132
1679663019.601384
1679663019.680060
1679663019.771993
1679663019.869137
1679663019.952056
1679663020.039981
1679663020.137617
1679663020.219968
1679663020.311960
1679663020.404966
1679663020.492062
1679663020.579992
1679663020.673582
1679663020.760088
1679663020.852020
1679663020.940939
1679663021.038234
1679663021.119984
1679663021.211959
1679663021.309791
1679663021.392103
1679663021.484001
1679663021.577923
1679663021.664014
1679663021.752041
1679663021.845134
1679663021.931933
1679663022.024011
1679663022.113151
1679663022.213117
1679663022.291992
1679663022.384037
1679663022.477977
1679663022.564000
1679663022.651917
1679663022.749482
1679663022.831946
1679663022.924017
1679663023.018677
1679663023.103932
1679663023.191995
1679663023.285042
1679663023.376001
1679663023.463954
1679663023.555973
1679663023.643999
1679663023.735920
1679663023.823908
1679663023.925003
1679663024.003919
1679663024.095915
1679663024.196113
1679663024.275969
1679663024.363950
1679663024.460928
1679663024.543982
1679663024.635923
1679663024.728947
1679663024.816074
1679663024.903958
1679663025.000085
1679663025.083894
1679663025.176050
1679663025.264155
1679663025.364769
1679663025.447894
1679663025.535971
1679663025.634039
1679663025.716076
1679663025.807860
1679663025.898964
1679663025.987884
1679663026.075893
1679663026.169268
1679663026.256059
1679663026.347954
1679663026.437697
1679663026.534745
1679663026.615932
1679663026.707838
