1.465507956497888731e-01
1.387000451521049893e-01
1.126822400371789851e-01
6.505448265197380509e-02
9.620583814260969674e-03
3.129173131020205473e-02
5.036148629802389420e-02
5.414569390224985984e-02
1.840939191007782416e-01
1.863936240568417058e-01
1.579071328907737659e-01
7.545771157332076262e-02
2.802785219307854514e-02
8.588049717483241252e-02
9.705020553487066215e-02
8.841786083865706136e-02
2.331544144382607930e-01
2.653154092122495533e-01
2.630997912478919010e-01
1.060240130853543766e-01
1.316903635168138464e-01
1.872797612476511109e-01
1.605541811068517122e-01
1.268283157650769433e-01
2.838930583398057705e-01
3.722519252637112031e-01
5.230926905100584667e-01
2.948525196189301090e-01
4.993659378559897610e-01
3.389360823931232836e-01
2.242916686269519344e-01
1.591856255994639757e-01
3.114224965543417323e-01
4.333010961483714785e-01
7.575142349063194169e-01
2.507802514923510806e+00
9.053644726405740695e-01
4.047338515577364459e-01
2.478801697661465187e-01
1.718384933388891200e-01
2.975931066618788257e-01
3.756363848663238914e-01
4.541498988977753504e-01
1.522209907692411157e-01
3.261963690527306392e-01
2.929214442788980466e-01
2.148464224045643078e-01
1.600289006017512616e-01
