1.951488228465377395e+00
1.736563525730987934e+00
1.708107286878086883e+00
1.408628313066751181e+00
1.367700443056770077e+00
1.407676370809890720e+00
1.671658698638318175e+00
2.132845489450522880e+00
1.669322347872086443e+00
1.569355022090125562e+00
1.545544786928001013e+00
1.403605342260798583e+00
1.187535305094290061e+00
1.164319889231202110e+00
1.266315680172353408e+00
1.599414836606928958e+00
1.533831452094279069e+00
1.392158397575391504e+00
1.376630272672057176e+00
1.352387977129940744e+00
1.258528546196613584e+00
1.266017241984585429e+00
1.021581695097617981e+00
1.271259366717924166e+00
1.238479034927629785e+00
1.092793591389960906e+00
1.197922236069409507e+00
1.131251511587828329e+00
1.299085721493016488e+00
1.203827314792653480e+00
1.356460061788845151e+00
1.031559243356033884e+00
9.445325324958666613e-01
9.679086336175508620e-01
7.286754128367924910e-01
8.690250956244042202e-01
8.859800324554700790e-01
1.198757466774137859e+00
7.757910207919229695e-01
1.423119382639720598e+00
1.039306013794212502e+00
6.793668619169407341e-01
9.911488179545173693e-01
1.147063258023783838e+00
8.156821363025255067e-01
4.465357257618429165e-01
1.089146996207249751e+00
6.825146413419955760e-01
