4.399507204401061911e-01
4.312391940518938149e-01
4.225389895478380842e-01
4.138508209736027066e-01
4.051754625884556038e-01
3.965137552189586523e-01
3.878666134159357015e-01
3.792350335326132305e-01
3.706201028614716786e-01
3.620230099903094523e-01
3.534450565656122589e-01
3.448876706838281403e-01
4.374430068718453413e-01
4.287387027881153778e-01
4.200460872411633240e-01
4.113659012067289455e-01
4.026989484409753683e-01
3.940461021329037528e-01
3.854083124008066408e-01
3.767866147569072788e-01
3.681821396851429617e-01
3.595961235012441470e-01
3.510299206932988580e-01
3.424850179753713975e-01
4.349400450775051663e-01
4.262431451131773463e-01
4.175583118927790327e-01
4.088863143177546289e-01
4.002279867435523664e-01
3.915842359442746612e-01
3.829560489640528309e-01
3.743445019859210077e-01
3.657507703708166580e-01
3.571761400449772750e-01
3.486220204445600879e-01
3.400899592623917167e-01
4.324419175665069615e-01
4.237526081915468645e-01
4.150757556886639499e-01
4.064121579169620579e-01
3.977626809741648395e-01
3.891282664875638231e-01
3.805099398364147345e-01
3.719088194434724270e-01
3.633261272963834720e-01
3.547632008866944964e-01
3.462215067863164686e-01
3.377026561195948240e-01
4.299487086046396844e-01
4.212671810715121756e-01
4.125985128377366862e-01
4.039435317896738487e-01
3.953031369523236083e-01
3.866783061212576422e-01
3.780701044728304594e-01
3.694796942975611120e-01
3.609083460259177034e-01
3.523574507441904480e-01
3.438285344318531278e-01
3.353232741922289595e-01
4.274605042558106693e-01
4.187869547304124973e-01
4.101266796209951937e-01
4.014805379496520499e-01
3.928494628971396785e-01
3.842344697910667906e-01
3.756366651213785546e-01
3.670572567355523952e-01
3.584975653916950833e-01
3.499590378775075949e-01
3.414432619387270940e-01
3.329519833029914722e-01
4.249773924247041701e-01
4.163120221209540839e-01
4.076603544417876090e-01
3.990232806937461518e-01
3.904017694867911170e-01
3.817968750946939549e-01
3.732097468938319618e-01
3.646416400411073289e-01
3.560939275781226376e-01
3.475681141804982111e-01
3.390658518087477646e-01
3.305889575612342979e-01
4.224994629004877877e-01
4.138424782186161388e-01
4.051996378772918517e-01
3.965718666578369467e-01
3.879601699194181186e-01
3.793656423480590290e-01
3.707894778378115208e-01
3.622329806728588619e-01
3.536975782075454933e-01
3.451848352744568138e-01
3.366964705901295263e-01
3.282343754744164177e-01
