2.712009751510143785e-01
2.447184422059278386e-01
2.192033749525100217e-01
1.949366028819025098e-01
1.722133521002620904e-01
1.513464844324056702e-01
1.326686063344174049e-01
1.165266337958376502e-01
1.032558488727211288e-01
9.311623262395479772e-02
8.618759556434066327e-02
8.226614866955331284e-02
2.622804040676202653e-01
2.350740188277400944e-01
2.087194320379868739e-01
1.834753419205674974e-01
1.596137751652348669e-01
1.374287037610265605e-01
1.172508774168642270e-01
9.946814226824141070e-02
8.454132068699046765e-02
7.298086535709907841e-02
6.521465341529225634e-02
6.131417017038676837e-02
2.559221875222774667e-01
2.282501765670291449e-01
2.013206856733504302e-01
1.753613643505477215e-01
1.506033955805950730e-01
1.272881284733245466e-01
1.056830459874282396e-01
8.611506313419177439e-02
6.903433613681443648e-02
5.511680349847348365e-02
4.533200460385660574e-02
4.061713583558013846e-02
2.522894625570771820e-01
2.244684330099035729e-01
1.973127779967246698e-01
1.710233066959886694e-01
1.457928216978742197e-01
1.218057303350942311e-01
9.924203919021568066e-02
7.829112064493701229e-02
5.919066862354706998e-02
4.234181822675927437e-02
2.868256426917441607e-02
2.068875375828779783e-02
2.513873289649740661e-01
2.237553592509206601e-01
1.967587859689515495e-01
1.705862153934800396e-01
1.454136280657940539e-01
1.214004843168676878e-01
9.868648505015195638e-02
7.738912061210212467e-02
5.760208752875797117e-02
3.939460675409924006e-02
2.281169812806536218e-02
7.876681768304966483e-03
2.530578334628190706e-01
2.259304481437000578e-01
1.994529570984974187e-01
1.738166818359969945e-01
1.492039221334007515e-01
1.257864864652058490e-01
1.037270464361448041e-01
8.318624179555282605e-02
6.434321842727364071e-02
4.745297760638365198e-02
3.302106528166533911e-02
2.235652451275951455e-02
2.570032734432700083e-01
2.306369058087661961e-01
2.049620685138951459e-01
1.801792124551778451e-01
1.564856781802784202e-01
1.340771107605361612e-01
1.131530785013385582e-01
9.392997268145068801e-02
7.666651660695450454e-02
6.170936043711777036e-02
4.955853669230669833e-02
4.089220460295862891e-02
2.628301331355664128e-01
2.374032430615776734e-01
2.127147210790978071e-01
1.889710031486337705e-01
1.663782058866570268e-01
1.451433169754917651e-01
1.254778789795264193e-01
1.076045282195981778e-01
9.176543488448721253e-02
7.822759455511058002e-02
6.727036611319818504e-02
5.912734880480373378e-02
