3.534296235544213793e+00
3.375037310096420384e+00
3.126928136027979033e+00
2.691961135713498265e+00
2.611769131521435305e+00
2.177114623337452759e+00
1.859766382560063658e+00
1.380803246895090597e+00
1.484005942226116481e+00
1.245007415050104038e+00
1.259718606815957376e+00
1.194290907034701421e+00
3.471799621514920275e+00
3.372379529037150991e+00
3.062468252012496617e+00
2.385305726866855824e+00
2.502098687380244435e+00
1.882273483717739726e+00
1.579399081807294936e+00
1.113471100180272177e+00
1.200815730265151426e+00
9.555689158729021582e-01
8.821445917239135737e-01
8.224372732267678510e-01
3.462218812902547072e+00
3.126771764541288690e+00
2.876815750372105462e+00
2.263633526388642014e+00
2.328270400167730791e+00
1.746307232905272011e+00
1.339114546171048303e+00
8.634800472581322106e-01
8.901112530288434188e-01
6.814074125143850802e-01
5.508347083031090996e-01
5.786076419922876468e-01
3.327339217633197954e+00
3.279534940279166033e+00
2.795044970748694180e+00
2.196852308264005238e+00
2.094104347138196154e+00
1.651862427980449910e+00
1.159446035846859457e+00
7.562837587254311877e-01
7.882030250613291100e-01
4.117215324086824779e-01
2.006573360185359700e-01
2.432138925794013473e-01
3.393641733990696352e+00
3.247982902659138027e+00
2.720990907414205129e+00
2.245961432021646331e+00
2.249907641747621145e+00
1.589229313505303942e+00
1.245678542706062819e+00
6.918220534799391919e-01
9.878067465392184054e-01
5.620021998688731202e-01
2.627915367755601084e-01
1.828459136170176580e-01
3.283680920337454623e+00
3.069174753450460980e+00
2.810458040531293555e+00
2.375860440792466832e+00
2.063356176946481657e+00
1.523512348116343729e+00
1.266163901924586721e+00
7.582007053380773742e-01
7.904397787310757373e-01
7.051110572248674435e-01
4.552367140555810265e-01
3.326053598007298051e-01
3.360006196080913554e+00
3.255959914366890473e+00
2.704398010101320526e+00
2.357036390609732024e+00
2.157324379316826857e+00
1.682655740634962704e+00
1.419388217478386727e+00
1.127534320744274066e+00
1.093175551626982767e+00
8.645417774588707305e-01
6.683006110827538482e-01
4.984792195556495553e-01
3.357596582088810511e+00
3.191875629903786482e+00
2.911450652180418430e+00
2.567075532346305256e+00
2.381668543470825128e+00
1.954817400453347398e+00
1.653972787529399469e+00
1.335726404578202686e+00
1.434925798549755438e+00
1.115412923523387612e+00
8.406258400263546537e-01
7.309045750056267776e-01
