8.860438944864570954e-02
7.490679973125279056e-02
6.680064302897711914e-02
7.250730186243473097e-02
9.883437482989917977e-02
1.412578302448112555e-01
1.845963165464895028e-01
2.174220544990375092e-01
1.713290668202765710e-01
1.829489897525599373e-01
2.137843280925184608e-01
2.788002684864167025e-01
3.703476750677675566e-01
4.286206174841745153e-01
4.260613231969138104e-01
3.968730914900871487e-01
2.019395442777916216e-01
2.329341012141043499e-01
3.231308054952516939e-01
6.099881822275023957e-01
1.208478271177260588e+00
1.084316276423009873e+00
7.088163001512032269e-01
5.203718343772075761e-01
1.093122573847090800e-01
6.910271448796907745e-02
1.634133088527632560e-02
3.071131141696811229e-01
1.623402118664751015e+01
4.420084252730973606e-01
3.792201758995865646e-01
3.354010998245544606e-01
8.989610412310881926e-02
2.543252639604687837e-01
5.890626131795165810e-01
1.283272689066180527e+00
1.920433289696563683e+00
1.139062023687025027e+00
4.059345211560319022e-01
8.990727529460480760e-02
2.818102102747466198e-01
4.766786556310100842e-01
7.532001025115894199e-01
1.061252609411137193e+00
1.195711969136862507e+00
1.002053875875286382e+00
6.645073104161063338e-01
3.828857333603046809e-01
