7.044205070099370802e-01
6.070856129140375090e-01
5.009094605280282053e-01
4.348026765903417190e-01
4.002529116122847119e-01
3.827568012625937599e-01
3.738757777031410656e-01
3.694060409565133041e-01
1.017218778691074244e+00
6.615101974734889367e-01
4.008273647150685237e-01
3.199748430209747863e-01
3.011924121975967372e-01
3.005812667346958733e-01
3.051961489275473172e-01
3.110322350574116212e-01
2.252917338530314062e+00
3.987485512933984233e-01
2.743690549974446558e-02
8.705819426053260091e-02
1.452637800268000712e-01
1.870959731379843449e-01
2.173304543469745387e-01
2.399113395714942698e-01
1.719675992886260163e+00
3.091321117152522557e+00
6.968871041390712895e-01
2.335478196489448599e-01
4.581495468612798577e-02
5.515184638949744561e-02
1.180820269499470165e-01
1.610258297431694241e-01
2.676368104875688769e-01
9.801567992787277861e-01
8.415227395225773899e-01
4.399952821802182723e-01
2.046884285994960140e-01
6.615705262382028107e-02
2.228458989277446248e-02
8.285000586802085398e-02
1.777163140316821710e-01
3.398980094301807808e-01
5.456750724222164672e-01
4.356910000942338379e-01
2.759724493602870865e-01
1.479345482107189969e-01
5.405359088886352303e-02
1.490212527006895896e-02
