2.001645254167874199e+00
2.625777413946160266e+00
2.761491915629324279e+00
3.506073529310307357e+00
3.783464916711699377e+00
4.496738332044177611e+00
4.940419413073116495e+00
5.581933968551847869e+00
2.477950014946360469e+00
2.720964586756505099e+00
2.788381957638506936e+00
3.308786110794756929e+00
3.681035479045926095e+00
3.766947873262457058e+00
4.656698773254885459e+00
5.387658914408766542e+00
3.140004486275987272e+00
3.003224236543518888e+00
2.945761583202618716e+00
3.001597918592922465e+00
3.104028395049576616e+00
3.196699748816423714e+00
4.119010732215055093e+00
4.852285597903766678e+00
3.559367816261188366e+00
3.272425403141998146e+00
3.050604238892297815e+00
3.059328644380864493e+00
2.993953430081064404e+00
2.902027667564181623e+00
2.534034453208636961e+00
4.258586007989332956e+00
3.883608877211730537e+00
3.816672554581192145e+00
3.729903455197981277e+00
3.777709853242879667e+00
3.469954121963822136e+00
3.302287039222193243e+00
3.855334918898864149e+00
2.733141572980421596e+00
4.496254217215586380e+00
4.087994596950290216e+00
3.506940881889752060e+00
3.658919441714625354e+00
3.587904378862794452e+00
4.563086632069267345e+00
3.465220928247145782e+00
4.202372566297393419e+00
