4.856762469191535092e-01
5.985110667975369614e-01
7.276203463542032512e-01
8.533771487556114366e-01
9.426312094815706422e-01
9.659566026874185640e-01
9.208976360601835998e-01
8.319120740643298761e-01
5.511633988179736043e-01
7.115038971462508410e-01
9.219703908091311240e-01
1.153931594623321955e+00
1.315369776537041790e+00
1.303113925633415660e+00
1.132699596865327951e+00
9.129371996769530817e-01
5.814876807173690043e-01
7.914539094953809695e-01
1.139197609918221277e+00
1.668810067170284572e+00
2.148391032607883666e+00
1.963873467980571164e+00
1.331905544526341911e+00
8.389523141495983660e-01
5.213392831788087323e-01
7.070611978431240452e-01
1.092492909008196955e+00
2.118096023928341953e+00
5.179833932798294072e+00
3.219978807161961942e+00
7.454356442242553449e-01
2.238614359357191663e-01
3.526734580424537580e-01
3.791149809255028313e-01
3.706805447450174928e-01
8.780781216747983453e-02
3.643153034083148167e+00
5.921831027723801988e+00
1.874840138041969251e+00
9.490839540582859390e-01
1.523736449216689659e-01
2.949990199068932770e-02
2.581757737912548367e-01
9.239604776554219967e-01
2.097730066878026101e+00
2.709314005937807579e+00
2.145659384582662366e+00
1.477694446777978010e+00
