1.971373420586743086e-01
2.079215182991971944e-01
2.190182513092477634e-01
2.303823811364742735e-01
2.419762367805794179e-01
2.537683339026010620e-01
2.657322824079648704e-01
2.778458835984872755e-01
2.900903904791229393e-01
3.024499045476322090e-01
3.149108848074972378e-01
3.274617481118083373e-01
1.929197431592647449e-01
2.035758895429139737e-01
2.145639037736148114e-01
2.258353499760174243e-01
2.373498520998834072e-01
2.490737035130655419e-01
2.609786921731873099e-01
2.730411255689735861e-01
2.852410300646538999e-01
2.975614973573514899e-01
3.099881524890666928e-01
3.225087210517830205e-01
1.887568858762589674e-01
1.992766088454032136e-01
2.101489524051302626e-01
2.213219556615620975e-01
2.327523241894081940e-01
2.444039510116727543e-01
2.562466558249930082e-01
2.682551331656184423e-01
2.804080862149725406e-01
2.926875187920017773e-01
3.050781588303579372e-01
3.175669895169521695e-01
1.846524725779693232e-01
1.950267413998463817e-01
2.057759329702149309e-01
2.168442985538484580e-01
2.281853972928385432e-01
2.397605300229908032e-01
2.515373898110344064e-01
2.634889289625406694e-01
2.755924226018072742e-01
2.878287018385676799e-01
3.001815289211661186e-01
3.126370891395422458e-01
1.806104877657986607e-01
1.908295886060498436e-01
2.014475762597686959e-01
2.124046387703277250e-01
2.236509460257214144e-01
2.351450004615914524e-01
2.468521973221871335e-01
2.587436064917037482e-01
2.707949611324163008e-01
2.829858274647608640e-01
2.952989275530000235e-01
3.077195885523447139e-01
1.766352171884958688e-01
1.866887059048993602e-01
1.971668237064706508e-01
2.080054093656721337e-01
2.191509862562742161e-01
2.305590373974655272e-01
2.421924754632620302e-01
2.540203360229875695e-01
2.660166866049416545e-01
2.781597283722922476e-01
2.904310622520508978e-01
3.028150918471364528e-01
1.727312670301602016e-01
1.826079213389432132e-01
1.929368439631207466e-01
2.036492304871266590e-01
2.146876868718350373e-01
2.260044406811386741e-01
2.375597230543051996e-01
2.493203708574842081e-01
2.612586517767861993e-01
2.733512930804726793e-01
2.855786865754111337e-01
2.979242412432035469e-01
1.689035827531455980e-01
1.785913546547019393e-01
1.887610503911842097e-01
1.993389245205296478e-01
2.102633824755309466e-01
2.214831453811630102e-01
2.329555491132253575e-01
2.446450541788853517e-01
2.565219828836581284e-01
2.685614703708807394e-01
2.807426036956384152e-01
2.930477199854641945e-01
