2.087167052074875850e-01
2.025335245756354208e-01
1.946702612509594865e-01
1.851004770196190419e-01
1.738208001284724524e-01
1.608510223044635479e-01
1.462336523695294266e-01
1.300329138329012202e-01
1.123332142941739636e-01
9.323716777373357301e-02
7.286336435797122202e-02
5.134452578992870775e-02
2.021478082219197725e-01
1.959990017007963437e-01
1.882474428098888930e-01
1.788663728410593012e-01
1.678516846676771923e-01
1.552222792903595328e-01
1.410201657752032933e-01
1.253105701765008517e-01
1.081827797848059075e-01
8.975382052592963122e-02
7.018213573340977007e-02
4.972327595805011574e-02
1.958307842273467880e-01
1.897539209639083346e-01
1.821634624613567566e-01
1.730350064016848155e-01
1.623675200225846438e-01
1.501846558306659807e-01
1.365366619308775176e-01
1.215040430991057435e-01
1.052058803679812859e-01
8.782090679332818506e-02
6.964747824246604602e-02
5.130486535429014394e-02
1.897581970272299023e-01
1.837819982652517947e-01
1.763912474752070136e-01
1.675661589354137948e-01
1.573119473770967225e-01
1.456616231411470563e-01
1.326805922695976636e-01
1.184754016279702671e-01
1.032122114297428089e-01
8.715948436960001267e-02
7.079630968783220957e-02
5.511373536348650876e-02
1.839224118598923874e-01
1.780667924373327271e-01
1.709035067491471993e-01
1.624191507252106537e-01
1.526275776706864928e-01
1.415744529105033567e-01
1.293449102809096918e-01
1.160777286654463697e-01
1.019936402721828561e-01
8.745554076023884238e-02
7.310280923883048787e-02
6.014841785563663362e-02
1.783161987214066102e-01
1.725925889274685932e-01
1.656739976463733888e-01
1.575546527110769646e-01
1.482586158867340853e-01
1.378461298360601495e-01
1.264241916289081669e-01
1.141654227146213646e-01
1.013434984510287185e-01
8.840173749432986283e-02
7.608451186565784452e-02
6.565774006415794894e-02
1.729331993023255354e-01
1.673450935769554004e-01
1.606785300820985918e-01
1.529361339701424127e-01
1.441529750987159408e-01
1.344045292721408602e-01
1.238196321051283771e-01
1.126025698023093852e-01
1.010717252587994275e-01
8.972666176047189301e-02
7.935530740035140473e-02
7.115813855324132353e-02
1.677682555511758600e-01
1.623119316791489242e-01
1.558956961078479253e-01
1.485309181244821031e-01
1.402638202261139999e-01
1.311847259514383468e-01
1.214426180809097117e-01
1.112686702205353817e-01
1.010141936331011153e-01
9.120857054242223483e-02
8.263270301215319691e-02
7.636042879068972999e-02
