2.707047625921236822e+00
2.871968524333694095e+00
2.687598493332016947e+00
2.244016243697446900e+00
2.516150533950804125e+00
2.193309485599097108e+00
1.835896990926711547e+00
1.565054277814991845e+00
1.528307033483129240e+00
1.226710068981928581e+00
7.224466130220884574e-01
7.028053096681033951e-01
2.649472087977487789e+00
2.769628222098880599e+00
2.583103291162692994e+00
2.309144020518678619e+00
2.483388426604855148e+00
2.055420155300985652e+00
1.981209148082093474e+00
1.563097780722511265e+00
1.392582430418529249e+00
1.169004995893778487e+00
8.961889006244665445e-01
8.802207614444723660e-01
2.619517212667129336e+00
2.523745381553063272e+00
2.535397454405268647e+00
2.320061483685264658e+00
2.428776396916263458e+00
2.104478005110904881e+00
1.876840660670126892e+00
1.632052859152138158e+00
1.471635495465605903e+00
1.248492075613357954e+00
1.000450127758398144e+00
7.766191095015970713e-01
2.616414729627415170e+00
2.623428621013084605e+00
2.456553882445192016e+00
2.256589825279522010e+00
2.271227865449747974e+00
2.150978358255252409e+00
1.902797075090279177e+00
1.474096061888768849e+00
1.491466481596538829e+00
1.157900608202759640e+00
6.637833122277196907e-01
7.039328972686323960e-01
2.611152871552674615e+00
2.466845142267937163e+00
2.288158403011583797e+00
2.184306474003956833e+00
2.256715454062270254e+00
2.065411791760062954e+00
1.831475989560610751e+00
1.528311696818843268e+00
1.491480451767023263e+00
1.205915000452076224e+00
8.438825423944762427e-01
5.936586077032806053e-01
2.544027017119971035e+00
2.360258086919674536e+00
2.171924697310818164e+00
2.202835385947534252e+00
2.191837208063942555e+00
1.925916693438971317e+00
1.715742570977403680e+00
1.538339446605759830e+00
1.459037316821482966e+00
1.040946190408222893e+00
8.702272046916237347e-01
8.780188363277534602e-01
2.447474492865734597e+00
2.273729976884625081e+00
2.121036176772037152e+00
2.028529570439176588e+00
2.275622168200367668e+00
2.005888262423215274e+00
1.694805342261494818e+00
1.504071991865691293e+00
1.469020428885868368e+00
1.089545150058539358e+00
7.546167888125234757e-01
5.396152571162908806e-01
2.156604072417771079e+00
2.284196916228474095e+00
2.090430582472368126e+00
1.863439474929272421e+00
1.993040990727084738e+00
1.918523923208453441e+00
1.671289474363447880e+00
1.377112703488158285e+00
1.393891541515547283e+00
1.180295601126426508e+00
7.565060472108336986e-01
8.199850822710149645e-01
