2.640215856711062847e-01
2.730142295558709575e-01
2.820354018938980301e-01
2.910824502519606671e-01
3.001530348167211759e-01
3.092450845469538190e-01
3.183567603569671389e-01
3.274864240778242452e-01
3.366326121862644460e-01
3.457940134837173551e-01
3.549694500612300962e-01
3.641578610082976675e-01
2.666826148457626666e-01
2.756133206541836467e-01
2.845762016136282879e-01
2.935683107377720646e-01
3.025870422800423509e-01
3.116300848504536813e-01
3.206953818716193894e-01
3.297810981021093157e-01
3.388855911939195331e-01
3.480073874417515811e-01
3.571451610353704176e-01
3.662977162496290906e-01
2.695180318379086781e-01
2.783824142581362571e-01
2.872827774029605985e-01
2.962158779645208684e-01
3.051788411177924210e-01
3.141691110142307841e-01
3.231844088236731638e-01
3.322226970568206150e-01
3.412821491295360277e-01
3.503611233156624927e-01
3.594581403853683299e-01
3.685718643485657031e-01
2.725223935288861865e-01
2.813164902355885233e-01
2.901504901322700669e-01
2.990208566493000597e-01
3.079244469676614693e-01
3.168584603749138862e-01
3.258203942722794899e-01
3.348080065919952775e-01
3.438192835985561802e-01
3.528524122237298721e-01
3.619057562291054797e-01
3.709778356090608908e-01
2.756901766979861779e-01
2.844104425876053943e-01
2.931746113150871524e-01
3.019788603998553866e-01
3.108197839243861949e-01
3.196943392851630539e-01
3.285998015898914382e-01
3.375337245085648363e-01
3.464939065814789387e-01
3.554783621506860114e-01
3.644852962169156108e-01
3.735130826371542145e-01
2.790158152236995037e-01
2.876591126514261854e-01
2.963503527577369678e-01
3.050854382130152587e-01
3.138607082471279730e-01
3.226728843502557620e-01
3.315190235117843054e-01
3.403964778714141937e-01
3.493028598309637078e-01
3.582360118227624901e-01
3.671939800555508171e-01
3.761749916636640823e-01
2.824937341362539489e-01
2.910573197740555229e-01
2.996728941756959252e-01
3.083360993380189763e-01
3.170430307514985890e-01
3.257901826068007600e-01
3.345744003351392437e-01
3.433928394390736161e-01
3.522429297206750576e-01
3.611223441441220317e-01
3.700289716817529717e-01
3.789608935884173913e-01
2.861183803457339470e-01
2.945998892749837061e-01
3.031374085984167022e-01
3.117263363343923399e-01
3.203625377270651331e-01
3.290422904964597772e-01
3.377622371330862849e-01
3.465193432882425761e-01
3.553108614360702133e-01
3.641342990954544168e-01
3.729873909970642387e-01
3.818680746666645032e-01
