1.347864333810112059e-01
1.233957812680572114e-01
1.108971669451414011e-01
9.736125952800478434e-02
8.288124701699556285e-02
6.758603555109513050e-02
5.168171620135195848e-02
3.561495074560559054e-02
2.099696492884539981e-02
1.605554324009808576e-02
2.784834792054543401e-02
4.512479567559531113e-02
1.484643174769620655e-01
1.365095274464983577e-01
1.233492249269611957e-01
1.090456225653318734e-01
9.367375985275187833e-02
7.732081468217796849e-02
6.008633142338082322e-02
4.208717787429130247e-02
2.349560081016640462e-02
5.495980563536824112e-03
1.638810853599540970e-02
3.624371544624530039e-02
1.632744931508291475e-01
1.508484655249467676e-01
1.371458244904472656e-01
1.222359830528838981e-01
1.062038596425942255e-01
8.915048712980630508e-02
7.119678276172584919e-02
5.249970644384947122e-02
3.333357271476390660e-02
1.484878871150774327e-02
1.240911084192034171e-02
3.102821542311867339e-02
1.791871220985975788e-01
1.663711194852478814e-01
1.522258798168993343e-01
1.368376698757489685e-01
1.203169137178414505e-01
1.028054107560774921e-01
8.449578697158162399e-02
6.568958147378407830e-02
4.700399188059568856e-02
3.031542460031088834e-02
2.283169384103386768e-02
3.274521393909280570e-02
1.961820177243298602e-01
1.830497248151241596e-01
1.685480419181062117e-01
1.527854262769448856e-01
1.359049790411520076e-01
1.180981252037883872e-01
9.963650188340363034e-02
8.095245493858356511e-02
6.286235096306914960e-02
4.722424652034219045e-02
3.839294933048062464e-02
4.176975933532427882e-02
2.142449367890892908e-01
2.008658219544126600e-01
1.860852907802568179e-01
1.700364679609410457e-01
1.528972282630544355e-01
1.349082020971769658e-01
1.164105124442300909e-01
9.792865391078024728e-02
8.035803178592867968e-02
6.536771077066540203e-02
5.595283593388359483e-02
5.565725268066754744e-02
2.333640651053024984e-01
2.198060260560448231e-01
2.048195909668448500e-01
1.885632083207759158e-01
1.712488097181804891e-01
1.531617604791138676e-01
1.346989671884974149e-01
1.164429069893518215e-01
9.930244291842890703e-02
8.474657325057184665e-02
7.500339904955993786e-02
7.255656174392821622e-02
2.535267069740261281e-01
2.398580748033638244e-01
2.247369462877004120e-01
2.083466033591271915e-01
1.909308493627996373e-01
1.728139311858148675e-01
1.544354775121683510e-01
1.364111862850035661e-01
1.196315662423372977e-01
1.053908198743190444e-01
9.543668275931474487e-02
9.161700168946121381e-02
