2.041231133015977139e+00
1.953061031238029654e+00
1.504095808111192811e+00
1.251850237786193309e+00
1.253888366606914051e+00
9.394666238146047732e-01
7.064838584680420697e-01
4.355267635176330310e-01
3.707665501003308828e-01
7.397920708383478594e-01
1.426703638624576387e+00
2.144668034256619116e+00
2.114631251265135958e+00
1.918345576466584657e+00
1.629770547085693133e+00
1.402913087972817774e+00
1.276989072637372491e+00
1.011968663060428986e+00
8.408570108215150940e-01
5.708834578018497918e-01
4.668950782125121934e-01
2.668854747737260391e-01
7.265033063934466240e-01
1.225523219585248347e+00
2.339793723440575235e+00
2.120047713528132594e+00
1.897388197066371296e+00
1.498866908337295856e+00
1.571916779048913249e+00
1.378655440015828404e+00
1.177285265693352567e+00
7.966965938100787348e-01
7.541476373686279988e-01
4.749582778479252143e-01
1.880536484975434686e-01
7.109915836690177127e-01
2.541513096091128965e+00
2.421376473051524147e+00
1.957157678004475265e+00
1.795543047231557221e+00
1.817020355008074350e+00
1.630575787472823945e+00
1.556983618767717070e+00
1.349397181148960234e+00
9.803564671209958892e-01
8.146099088982702296e-01
2.745583812161079829e-01
3.033645002403169144e-01
2.787977561416833616e+00
2.511699847956035292e+00
2.281349655216304839e+00
1.853661887636501193e+00
1.881514515975553747e+00
1.627644068950381273e+00
1.629720794412146789e+00
1.322649275963084126e+00
1.243837244393902974e+00
8.596977229214569638e-01
5.662712647757817130e-01
1.470344353467171183e-01
3.006328553436819373e+00
2.750214364699762548e+00
2.412151862383339118e+00
2.089010492083058779e+00
1.965051431365150147e+00
1.771525205432597616e+00
1.807478019361350885e+00
1.624878357727400857e+00
1.453572805873848406e+00
1.271763751196487435e+00
8.859176997788993368e-01
4.556932479976699146e-01
3.203478534247647058e+00
2.995903071101782444e+00
2.724475354577869712e+00
2.406037226743511503e+00
2.395051951171082827e+00
1.859702442135823031e+00
2.057810078190764447e+00
1.736270193565987885e+00
1.691690344261435719e+00
1.274507732903649826e+00
1.172673331641992389e+00
8.442217141103586231e-01
3.497732173098740738e+00
3.298055178069057458e+00
2.932292256000735620e+00
2.600562315428959437e+00
2.366076188024703431e+00
2.278683753087386243e+00
2.195813767476272105e+00
1.946461329490782433e+00
1.815770453533349871e+00
1.317403416630928747e+00
1.054703925114448104e+00
1.187785082499421385e+00
