1.445825677391291385e-02
2.398336953205866713e-03
1.112195074179045742e-02
2.212764107625922808e-02
2.644829210693057028e-02
2.368742341635576495e-02
1.688192570049982036e-02
9.110861334152174293e-03
1.936379015550161731e-02
7.114659067908579975e-04
2.503236980341112805e-02
4.882526536378259396e-02
5.665257342696894405e-02
4.818925806622195718e-02
3.385187214687132573e-02
2.044127638672701627e-02
3.487713545400455972e-02
1.065043110920263318e-02
3.885483382437181221e-02
1.000642227229175951e-01
1.124651212894820923e-01
8.285744115914608909e-02
5.228266596114294201e-02
3.056843745867464379e-02
6.805897624798652734e-02
5.476604120797498587e-02
1.756102374786248227e-02
2.382928557985342644e-01
2.256236672661909026e-01
1.184510097359835479e-01
6.348957185236468737e-02
3.481471370219400840e-02
1.163045930256529498e-01
1.501313737206272092e-01
2.327330403594515540e-01
1.672483147949031634e+00
2.719304762010200105e-01
1.021206827126895089e-01
5.184408021581062703e-02
2.793275657071978002e-02
1.567281231485177506e-01
2.212993234411275156e-01
3.751437537350737483e-01
4.879011999389155085e-01
6.843385563745628397e-02
1.236555291532812767e-02
1.563000580534833206e-02
9.890908253496873137e-03
