6.580012306133302402e-02
1.324763469770699476e-01
2.050736467874505475e-01
2.477538913105815921e-01
2.226168279383841098e-01
1.465830711860564017e-01
6.651142837237061789e-02
4.884205416017570189e-03
3.590649117143603422e-03
6.958897198203357892e-02
1.752890949944065913e-01
2.629163825021141321e-01
2.350789737218425268e-01
1.301627387254038482e-01
3.930648340638634441e-02
1.941708630684644415e-02
9.926398902923089240e-02
4.223652119680700034e-02
9.162329656460632687e-02
2.919864959087659084e-01
2.626185913091304558e-01
1.091962371234446588e-01
1.444971845383709666e-02
3.608493004892301265e-02
2.122106927690964873e-01
2.172460868715253568e-01
1.635703935078801352e-01
3.678210745910375223e-01
3.276047073394523501e-01
9.419868482463558679e-02
5.344836330021568611e-03
3.695041814240893063e-02
3.067851852120540013e-01
3.878322836785526584e-01
6.263814333620723040e-01
6.600518825977887083e+00
3.640522274911560663e-01
1.084482992315976002e-01
2.419917732749913078e-02
1.771871013534873779e-02
3.376941262096115337e-01
4.044858563168486354e-01
4.730249557707159047e-01
1.847588917645208439e-02
2.705921283741053451e-01
1.456093143645988963e-01
6.472513718621257517e-02
1.712355320040342271e-02
