1.641449911169214682e+00
1.256185330554337565e+00
8.522893471876803462e-01
7.980247983737541739e-01
9.827584488756815340e-01
9.683876104960665865e-01
1.146609368399571061e+00
1.356861725885258219e+00
1.435923513927604755e+00
9.982378522165965551e-01
8.280960635358471933e-01
7.431902835834615084e-01
8.133763691289227493e-01
6.063380260382585929e-01
9.311434436242334023e-01
1.316218745429390324e+00
1.189107717218042426e+00
1.050217555176216067e+00
9.684234176596977495e-01
5.460774093031174337e-01
4.575467781982689996e-01
9.401465163069712416e-02
4.145313256341272568e-01
8.969949208516119210e-01
1.390287915055513412e+00
1.186275612644571931e+00
7.650411058676259701e-01
5.388506796857145398e-01
3.898263226530426229e-01
6.078171806427440371e-01
9.274534053871895667e-01
5.905788037490212750e-01
2.173432712452249227e+00
1.503448722815271976e+00
1.022344776604514838e+00
5.403492756148955412e-01
4.789591166349180945e-02
4.003190232609175059e-01
5.556695115884892067e-01
1.383045480917481473e+00
3.101332713965490928e+00
1.974775248115611781e+00
8.309308166153266395e-01
3.583383088659418680e-01
2.675300365758745968e-01
6.781850296552345281e-01
8.407882729872049321e-01
7.301630206270661727e-01
