6.777078387324131370e-01
5.491343501376863001e-01
5.960119604404244820e-01
8.552525754773151467e-01
1.380533396806117974e+00
1.659335068335154650e+00
1.671446126315462299e+00
1.695096155024856888e+00
5.004503753244013975e-01
4.377764919658083120e-01
1.966999877113752571e-01
4.938266016290442373e-01
8.462636847761303427e-01
6.968118140065168165e-01
8.790312267377247135e-01
1.129761274577151697e+00
1.141933032719669505e+00
6.295892412585826214e-01
3.429963021955628744e-01
3.124195777491977633e-01
4.689077262060188933e-01
5.603907070391798140e-01
6.159038436721028242e-01
6.288465192028883655e-01
1.671190466626730986e+00
1.121484440009002936e+00
5.329087226194380023e-01
1.574394175913743643e-01
4.893481253801072461e-01
7.640510801806972285e-01
1.392484437465638436e+00
1.104330377219368886e+00
2.525009372476942460e+00
2.004448061769613432e+00
1.428762565401206830e+00
1.288662282814048154e+00
7.055428122451626871e-01
5.794450995556797990e-01
1.069960481248237061e+00
1.751919463348121875e+00
3.797295742241552752e+00
2.444528243161998127e+00
1.290238742962734442e+00
8.548400536320855947e-01
8.800222855513057940e-01
1.466581490128937348e+00
9.225632192534891640e-01
1.522958945956425225e+00
