9.154042608527630798e-02
1.118810600223176799e-01
1.183634080110002179e-01
1.066529804754649813e-01
7.936382627539656509e-02
4.437312902294200667e-02
9.415740383110063338e-03
2.110869701036572135e-02
1.230577100796911988e-01
1.664553521224470811e-01
1.862190571930619765e-01
1.661923427489511995e-01
1.145522202989024407e-01
5.519126465686571142e-02
4.381892105417424001e-03
3.382375932103687949e-02
1.497461795245812466e-01
2.520116478440779795e-01
3.222128444156782123e-01
2.753794044204407321e-01
1.523934898174973129e-01
4.662964037058668632e-02
2.092187829162349064e-02
6.145575147172663982e-02
1.140059501365010552e-01
3.408154373730911124e-01
7.217231669039622100e-01
4.935057963816710247e-01
1.180643099498635967e-01
2.604324225393486389e-02
8.198399655451228674e-02
1.072035247570636562e-01
9.829178890344800190e-02
8.995754304005373903e-02
5.974119098516338378e-01
4.320945604185711941e-01
2.244016651316140254e-01
1.853217999909224367e-01
1.695225988380431315e-01
1.610704045526840100e-01
3.027045045661211353e-01
4.929290924587511613e-01
8.000761637084214950e-01
6.917967934783657569e-01
4.250522407082658050e-01
2.940371315648200312e-01
2.331860585724199186e-01
2.015069297761894196e-01
