5.565597471736159763e-02
1.253848137262381646e-01
2.390063990500363167e-01
3.655810205166720173e-01
4.029849557992755682e-01
3.366712941009110116e-01
2.501514953262365393e-01
1.828756041975432567e-01
2.728226632209275818e-02
1.074642374836810021e-01
3.082670474285579276e-01
6.779445080726425044e-01
7.136902455884526209e-01
4.423163903744294911e-01
2.652735792477408094e-01
1.718723409257268409e-01
5.010648316514132450e-02
2.581976936193838834e-02
1.157618187762166212e-01
1.572251833275204458e+00
1.193168217278507415e+00
3.601509337403981936e-01
1.770108561740779130e-01
1.074118673245319094e-01
1.616749930181533290e-01
2.568930244746767122e-01
5.594871268097103556e-01
2.341739102165374842e+00
7.910532844622474302e-01
1.168576570545179216e-01
2.633525205851518572e-02
5.383632908766982847e-03
2.564529583790736145e-01
4.022393518092650666e-01
6.949530636660784522e-01
1.067039669224459031e+00
8.450467904320292378e-01
4.206478565900472755e-01
2.140140480147333657e-01
1.230887191643440931e-01
3.068303687918459977e-01
4.300348912315710703e-01
5.930282698087774307e-01
7.104649268531983974e-01
6.461431504079393484e-01
4.650807569241127704e-01
3.089798929757707757e-01
2.083199300929427789e-01
