1.292419285770528559e-01
1.906434837917526937e-01
2.731896232420127912e-01
3.583197076961012750e-01
4.230710786757013175e-01
4.575734378055196228e-01
4.669010242637968711e-01
4.610247569991076100e-01
1.478630962983160380e-01
2.370560383550123773e-01
3.698158950116541277e-01
4.979003199377167177e-01
5.644598577857328214e-01
5.689053525267221412e-01
5.423974588345518155e-01
5.077618904735740069e-01
1.483964694043710397e-01
2.828309026867698028e-01
5.483142425971831990e-01
7.790087696492921099e-01
7.860098914087338962e-01
6.905290812896413000e-01
5.976601029677139909e-01
5.272838273704589795e-01
8.214048885714052284e-02
2.146146838791851696e-01
9.343470726676730287e-01
1.540843662552660032e+00
1.031954358117540771e+00
7.265058601326053189e-01
5.748688968622388540e-01
4.897494269996912619e-01
9.098704337745379400e-02
3.308595803584205575e-01
1.953164450612457470e+00
1.186067623640782775e+00
6.472675307524070609e-01
4.925834906327921092e-01
4.206052942890702306e-01
3.790764860443326389e-01
2.402900114859901626e-01
6.201765017462728125e-01
1.296665583769827768e+00
8.940494212117676698e-01
1.553248292780415041e-01
9.990798842118950307e-02
1.876216727651112692e-01
2.225396888801718376e-01
