3.981256910065437693e-01
4.086847068216036827e-01
4.194300789145796737e-01
4.303478481004940903e-01
4.414252228737865491e-01
4.526504856637401097e-01
4.640129036051502398e-01
4.755026445883929198e-01
4.871106989864074088e-01
4.988288071889118158e-01
5.106493928851825181e-01
5.225655019081388852e-01
4.137626003601558300e-01
4.242354205866225025e-01
4.348921388825249812e-01
4.457195649748277311e-01
4.567055577709601688e-01
4.678389468122830519e-01
4.791094567715878383e-01
4.905076357606720783e-01
5.020247879030378391e-01
5.136529103944258434e-01
5.253846351029326511e-01
5.372131746391111129e-01
4.295654444850959264e-01
4.399542619321648029e-01
4.505244852911758913e-01
4.612636435483364883e-01
4.721602097065305537e-01
4.832035349195459295e-01
4.943837845696126831e-01
5.056918770259400953e-01
5.171194255611302193e-01
5.286586837018133478e-01
5.403024941382373880e-01
5.520442412059722859e-01
4.455165661971244306e-01
4.558238378208840924e-01
4.663099926588038513e-01
4.769632324814446767e-01
4.877726097095436697e-01
4.987279721296767332e-01
5.098199087367017990e-01
5.210396973955367939e-01
5.323792547965913169e-01
5.438310890079048887e-01
5.553882547941308978e-01
5.670443117720546100e-01
4.616005940615710568e-01
4.718289390030731556e-01
4.822336204388363856e-01
4.928034693874739358e-01
5.035280845763500102e-01
5.143977859905024541e-01
5.254035689493854466e-01
5.365370593496460172e-01
5.477904705308367372e-01
5.591565620747276366e-01
5.706286007343711608e-01
5.822003235991204395e-01
4.778041064509939706e-01
4.879562298580595314e-01
4.982821270436669781e-01
5.087712175064856845e-01
5.194136147165546724e-01
5.302000870433795088e-01
5.411220187783055691e-01
5.521713718318057573e-01
5.633406485356227122e-01
5.746228558563063471e-01
5.860114712276462967e-01
5.975004101306743420e-01
4.941153487460052118e-01
5.041939853422848783e-01
5.144438255070097332e-01
5.248548390814925524e-01
5.354176242618670090e-01
5.461233746976988934e-01
5.569638463762193181e-01
5.679313248159409966e-01
5.790185929676145982e-01
5.902189001169015903e-01
6.015259319981356434e-01
6.129337822597535901e-01
5.105239951391733477e-01
5.205318678763990459e-01
5.307083748113888833e-01
5.410440004962550065e-01
5.515297993844477942e-01
5.621573680946628793e-01
5.729188172465589091e-01
5.838067433365953240e-01
5.948142010185791806e-01
6.059346760662112086e-01
6.171620592223575619e-01
6.284906210801324278e-01
