4.133045576577704106e-02
1.757943954933132921e-02
2.989473921468931844e-02
5.965480624618341859e-02
9.140041458564719667e-02
1.236252159795707267e-01
1.559011301634970204e-01
1.879846255676774769e-01
2.196931161036719260e-01
2.508762435098642607e-01
2.814070774198806357e-01
3.111787501275287138e-01
4.321122594729492200e-02
1.274137281039102940e-02
2.445241947277700806e-02
5.720390356962245376e-02
9.073416539427997529e-02
1.244011999214355846e-01
1.579544203835886729e-01
1.912047151812901746e-01
2.239900511777050685e-01
2.561689024301073148e-01
2.876186815637150618e-01
3.182351669486084833e-01
5.742434012985542929e-02
3.637598554626881447e-02
4.054311576216607788e-02
6.601791207483055646e-02
9.752285730158150034e-02
1.307272634572556325e-01
1.644150951193295573e-01
1.980646375134503812e-01
2.313707349914658762e-01
2.641203075005362222e-01
2.961512335021038167e-01
3.273360346782052677e-01
7.940275991767165031e-02
6.406477756097496423e-02
6.593590136310066574e-02
8.446115036620632788e-02
1.118123318312721215e-01
1.429444275864774072e-01
1.756496013755942942e-01
2.088965438567197408e-01
2.421222666321938832e-01
2.749743970605107446e-01
3.072104484679107905e-01
3.386540806098699008e-01
1.058583838750804251e-01
9.396103041323015936e-02
9.505211590742677907e-02
1.091919336737647572e-01
1.323892997745647893e-01
1.606835345168527995e-01
1.916090285628279932e-01
2.237731672037958919e-01
2.563596809367957863e-01
2.888551575146786066e-01
3.209149820861340596e-01
3.522967611880424288e-01
1.353421874679181791e-01
1.257675513404262202e-01
1.266025097796984467e-01
1.380076500838784415e-01
1.577980611557520951e-01
1.831781278029752935e-01
2.119230678131116818e-01
2.425319608376751979e-01
2.740271658597699389e-01
3.057606187259616082e-01
3.372887046200138128e-01
3.682987484389386723e-01
1.671570761065288013e-01
1.592992782988769951e-01
1.601030685794066211e-01
1.697224851485276131e-01
1.868634763729086212e-01
2.095834696336549008e-01
2.360519358088026820e-01
2.648433014985417944e-01
2.949275789986107732e-01
3.255746256097018509e-01
3.562643119624873678e-01
3.866218370469127752e-01
2.008779442720775577e-01
1.943734144097029881e-01
1.952542241606874673e-01
2.036482571913690864e-01
2.187334120928507986e-01
2.391386047438148199e-01
2.634108519323478670e-01
2.902861940182921985e-01
3.187651545832673738e-01
3.480901707037906134e-01
3.776957566736533489e-01
4.071613155686433227e-01
