8.097064224612490202e-01
6.293446772871568173e-01
1.136053075653456756e-01
4.833356251786204427e-01
7.669451792828788639e-01
1.400771138797493487e+00
2.040908917787779053e+00
2.454350756864021488e+00
2.925792617528341300e+00
3.521839849217437646e+00
4.138383519670392197e+00
4.453160967383412938e+00
1.039361867086177948e+00
7.116671039610887872e-01
3.073229239797947154e-01
7.674623172242305280e-01
9.124201258678188431e-01
1.658134071765008377e+00
2.224001458750351379e+00
2.666850009687986578e+00
2.892927264518063701e+00
3.540573619404373762e+00
4.034826096373707038e+00
4.535268217337613983e+00
1.109633492770022434e+00
8.842403609833067168e-01
6.905804562349259212e-01
9.304857405239226331e-01
1.320056393885311596e+00
1.955012682014576342e+00
2.332375121777977789e+00
2.843538420633736408e+00
3.213013154013741879e+00
3.686361362749347670e+00
4.217737376121001525e+00
4.538914393385780954e+00
1.383766034302443382e+00
1.307913751204800024e+00
1.061948987740062966e+00
1.309659700321400555e+00
1.489809763065309101e+00
2.191998761372495164e+00
2.441266655349013437e+00
3.133736365686503600e+00
3.342993090961741576e+00
3.933315412111141995e+00
4.232271599421031816e+00
4.658618680739147422e+00
1.468507061556615589e+00
1.237266244883052480e+00
1.081168030113094369e+00
1.217582444645346484e+00
1.681982369374085851e+00
2.156653951778661149e+00
2.529943847243622645e+00
2.986873630740644714e+00
3.324755736024476604e+00
3.708235936067539651e+00
4.230315841413711198e+00
4.628095850400127276e+00
1.809632386181369679e+00
1.632127792909034314e+00
1.555301426728864955e+00
1.767531393254875072e+00
1.987604650919536198e+00
2.504910675673100329e+00
2.881170642479947475e+00
3.364368931643285432e+00
3.621418441703386559e+00
4.086733329284547800e+00
4.384843587300813361e+00
4.858531824229320506e+00
1.940952082359340025e+00
1.843076759947378296e+00
2.064493256371204843e+00
2.200132495087823159e+00
2.411901748646186672e+00
2.757770979419364110e+00
3.242409222836786675e+00
3.654517901844584138e+00
3.909067767847864250e+00
4.309695073556703449e+00
4.766907850502998478e+00
4.968563140341206719e+00
2.273409375549639400e+00
2.258879421610821669e+00
2.266702636852854891e+00
2.572194655296899057e+00
2.789698097473725102e+00
3.086966255938341064e+00
3.385339992905437079e+00
3.926907697298870570e+00
4.121046761622431553e+00
4.625311905666960932e+00
4.890228187659371173e+00
5.291823684697231300e+00
