2.884849498558295089e-01
2.359466112254717529e-01
1.431335715433154354e-01
6.773194090469675244e-02
4.351650755989334984e-02
4.904320376514011148e-02
6.328627315032564482e-02
7.795253291926337869e-02
4.341177175103875241e-01
3.994399716351990648e-01
1.588462699080623597e-01
3.170945452238409928e-02
4.020169674818639682e-02
6.269416090821247102e-03
2.576399653589251521e-02
5.071159644779913572e-02
6.437343386346173757e-01
9.489360898607311912e-01
5.311261465588890812e-02
3.734194725106291246e-01
1.821192705674428980e-01
7.855338005038962901e-02
1.880447726199809683e-02
1.946834558376340368e-02
6.853439517155771599e-01
1.068978986535087383e+00
1.205464453529863533e+00
6.596693406652239799e-01
2.845332229172912175e-01
1.358310547836734938e-01
5.767568063851020305e-02
9.723595774662138064e-03
4.892896206193170228e-01
3.723156963399508190e-01
1.370270229184130661e-01
3.506099379976180819e-01
2.497818076086001371e-01
1.483129123443513719e-01
7.848741539236553377e-02
3.066208074021080018e-02
3.230926983497483529e-01
1.874951158123921158e-01
2.769524253054309396e-02
1.624008530335420419e-01
1.691984925544960383e-01
1.266316398966785828e-01
8.005214446666752970e-02
4.083964696071307882e-02
