1 1693382585183112000
2 1693382585183680000
3 1693382585217989000
4 1693382585231879000
5 1693382585239066000
6 1693382585265416000
7 1693382585301396000
8 1693382585333438000
9 1693382585365429000
10 1693382585401450000
11 1693382585433490000
12 1693382585465539000
13 1693382585501516000
14 1693382585533505000
15 1693382585565517000
16 1693382585601576000
17 1693382585633673000
18 1693382585665672000
19 1693382585701611000
20 1693382585733734000
21 1693382585765740000
22 1693382585801712000
23 1693382585840260000
24 1693382585865773000
25 1693382585897808000
26 1693382585933863000
27 1693382585971372000
28 1693382585997850000
29 1693382586033813000
30 1693382586067041000
31 1693382586097796000
32 1693382586133855000
33 1693382586165831000
34 1693382586197844000
35 1693382586233830000
36 1693382586265892000
37 1693382586297904000
38 1693382586333964000
39 1693382586365972000
40 1693382586397997000
41 1693382586434031000
42 1693382586466110000
43 1693382586498065000
44 1693382586534122000
45 1693382586566224000
46 1693382586598219000
47 1693382586634096000
48 1693382586666146000
49 1693382586698132000
50 1693382586734229000
51 1693382586771479000
52 1693382586798315000
53 1693382586834264000
54 1693382586866233000
55 1693382586898230000
56 1693382586934291000
57 1693382586966277000
58 1693382586998303000
59 1693382587034302000
60 1693382587066385000
61 1693382587098341000
62 1693382587134563000
63 1693382587166409000
64 1693382587198470000
65 1693382587234487000
66 1693382587266425000
67 1693382587298584000
68 1693382587334480000
69 1693382587366552000
70 1693382587398646000
71 1693382587434493000
72 1693382587466466000
73 1693382587498526000
74 1693382587534588000
75 1693382587566602000
76 1693382587602749000
77 1693382587634580000
78 1693382587666635000
79 1693382587698643000
80 1693382587734670000
81 1693382587766686000
82 1693382587798708000
83 1693382587834705000
84 1693382587866660000
85 1693382587898706000
86 1693382587934716000
87 1693382587966764000
88 1693382587998812000
89 1693382588034794000
90 1693382588066859000
91 1693382588106174000
92 1693382588134959000
93 1693382588167012000
94 1693382588198974000
95 1693382588235036000
96 1693382588267016000
97 1693382588299084000
98 1693382588334977000
99 1693382588367185000
100 1693382588402991000
101 1693382588435025000
102 1693382588467026000
103 1693382588499022000
104 1693382588535103000
105 1693382588567024000
106 1693382588599041000
107 1693382588635188000
108 1693382588667154000
109 1693382588699078000
110 1693382588735281000
111 1693382588767185000
112 1693382588799148000
113 1693382588835243000
114 1693382588867282000
115 1693382588899290000
116 1693382588931336000
117 1693382588967320000
118 1693382588999334000
119 1693382589031458000
120 1693382589067295000
121 1693382589099385000
122 1693382589131436000
123 1693382589167430000
124 1693382589199442000
125 1693382589231474000
126 1693382589267398000
127 1693382589299411000
128 1693382589331458000
129 1693382589367461000
130 1693382589399472000
131 1693382589431510000
132 1693382589467516000
133 1693382589499545000
134 1693382589531465000
135 1693382589567730000
136 1693382589599668000
137 1693382589631706000
138 1693382589667676000
139 1693382589699724000
140 1693382589731812000
141 1693382589767724000
142 1693382589799766000
143 1693382589831844000
144 1693382589867887000
145 1693382589899790000
146 1693382589931913000
147 1693382589967837000
148 1693382590006757000
149 1693382590031859000
150 1693382590067820000
151 1693382590099810000
152 1693382590131859000
153 1693382590167860000
154 1693382590199866000
155 1693382590231919000
156 1693382590267921000
157 1693382590299921000
158 1693382590332007000
159 1693382590368041000
160 1693382590400040000
161 1693382590432088000
162 1693382590468075000
163 1693382590500083000
164 1693382590532147000
165 1693382590568121000
166 1693382590600142000
167 1693382590632154000
168 1693382590668200000
169 1693382590700190000
170 1693382590732216000
171 1693382590768223000
172 1693382590800234000
173 1693382590832260000
174 1693382590869442000
175 1693382590900228000
176 1693382590932253000
177 1693382590968241000
178 1693382591000280000
179 1693382591032302000
180 1693382591068306000
181 1693382591100319000
182 1693382591132362000
183 1693382591168431000
184 1693382591200438000
185 1693382591232476000
186 1693382591268472000
187 1693382591300516000
188 1693382591332520000
189 1693382591368526000
190 1693382591400553000
191 1693382591432603000
192 1693382591468569000
193 1693382591500581000
194 1693382591532542000
195 1693382591568638000
196 1693382591600582000
197 1693382591632717000
198 1693382591668688000
199 1693382591700618000
200 1693382591732662000
201 1693382591768648000
202 1693382591800666000
203 1693382591832708000
204 1693382591868729000
205 1693382591900733000
206 1693382591932786000
207 1693382591968839000
208 1693382592000804000
209 1693382592032815000
210 1693382592064815000
211 1693382592100871000
212 1693382592132810000
213 1693382592164924000
214 1693382592200954000
215 1693382592232932000
216 1693382592264878000
217 1693382592301018000
218 1693382592333039000
219 1693382592365094000
220 1693382592400993000
221 1693382592433004000
222 1693382592465045000
223 1693382592501007000
224 1693382592533024000
225 1693382592565001000
226 1693382592601059000
227 1693382592633102000
228 1693382592665095000
229 1693382592701123000
230 1693382592733162000
231 1693382592765155000
232 1693382592801250000
233 1693382592833292000
234 1693382592865274000
235 1693382592901329000
236 1693382592933349000
237 1693382592965366000
238 1693382593001381000
239 1693382593038842000
240 1693382593065406000
241 1693382593101414000
242 1693382593133408000
243 1693382593169507000
244 1693382593201353000
245 1693382593233386000
246 1693382593265471000
247 1693382593303608000
248 1693382593333422000
249 1693382593365443000
250 1693382593401454000
251 1693382593433488000
252 1693382593465500000
253 1693382593501525000
254 1693382593533548000
255 1693382593565566000
256 1693382593601644000
257 1693382593633676000
258 1693382593665704000
259 1693382593701697000
260 1693382593733759000
261 1693382593765787000
262 1693382593801758000
263 1693382593833787000
264 1693382593865799000
265 1693382593901792000
266 1693382593933841000
267 1693382593965852000
268 1693382594001764000
269 1693382594033781000
270 1693382594065821000
271 1693382594101806000
272 1693382594133819000
273 1693382594165869000
274 1693382594201864000
275 1693382594233908000
276 1693382594265949000
277 1693382594301927000
278 1693382594334050000
279 1693382594366051000
280 1693382594402055000
281 1693382594434105000
282 1693382594466117000
283 1693382594502106000
284 1693382594534167000
285 1693382594566169000
286 1693382594602174000
287 1693382594634051000
288 1693382594666260000
289 1693382594703165000
290 1693382594734222000
291 1693382594766256000
292 1693382594802184000
293 1693382594834216000
294 1693382594866228000
295 1693382594902210000
296 1693382594934216000
297 1693382594966235000
298 1693382595002255000
299 1693382595034269000
300 1693382595066286000
301 1693382595098301000
302 1693382595134343000
303 1693382595166367000
304 1693382595198510000
305 1693382595234569000
306 1693382595266444000
307 1693382595298562000
308 1693382595334611000
309 1693382595366626000
310 1693382595398657000
311 1693382595434667000
312 1693382595466482000
313 1693382595498692000
314 1693382595534645000
315 1693382595566696000
316 1693382595598681000
317 1693382595634589000
318 1693382595666608000
319 1693382595698625000
320 1693382595734649000
321 1693382595766695000
322 1693382595798633000
323 1693382595834674000
324 1693382595866719000
325 1693382595898691000
326 1693382595934748000
327 1693382595966795000
328 1693382595998849000
329 1693382596034926000
330 1693382596066858000
331 1693382596104879000
332 1693382596134975000
333 1693382596166920000
334 1693382596198949000
335 1693382596235025000
336 1693382596266868000
337 1693382596299012000
338 1693382596335034000
339 1693382596367034000
340 1693382596404223000
341 1693382596435014000
342 1693382596466989000
343 1693382596498993000
344 1693382596535030000
345 1693382596567075000
346 1693382596599075000
347 1693382596635083000
348 1693382596667103000
349 1693382596699142000
350 1693382596735144000
351 1693382596767167000
352 1693382596799250000
353 1693382596835286000
354 1693382596867337000
355 1693382596899316000
356 1693382596935336000
357 1693382596967353000
358 1693382596999400000
359 1693382597035366000
360 1693382597067265000
361 1693382597099409000
362 1693382597135446000
363 1693382597167322000
364 1693382597199467000
365 1693382597235351000
366 1693382597267363000
367 1693382597299418000
368 1693382597335407000
369 1693382597367450000
370 1693382597399439000
371 1693382597435452000
372 1693382597467620000
373 1693382597499487000
374 1693382597535533000
375 1693382597567681000
376 1693382597599683000
377 1693382597635688000
378 1693382597667677000
379 1693382597699709000
380 1693382597735828000
381 1693382597767732000
382 1693382597805221000
383 1693382597835725000
384 1693382597867787000
385 1693382597901437000
386 1693382597935743000
387 1693382597967847000
388 1693382597999904000
389 1693382598035744000
390 1693382598067817000
391 1693382598099845000
392 1693382598131866000
393 1693382598167870000
394 1693382598199904000
395 1693382598231919000
396 1693382598267865000
397 1693382598299887000
398 1693382598331908000
399 1693382598368031000
400 1693382598400050000
401 1693382598432086000
402 1693382598468076000
403 1693382598500092000
404 1693382598532126000
405 1693382598568161000
406 1693382598600191000
407 1693382598632264000
408 1693382598668207000
409 1693382598700221000
410 1693382598732232000
411 1693382598768223000
412 1693382598800269000
413 1693382598832380000
414 1693382598868232000
415 1693382598900275000
416 1693382598932269000
417 1693382598968277000
418 1693382599000323000
419 1693382599032290000
420 1693382599068419000
421 1693382599100354000
422 1693382599132373000
423 1693382599168471000
424 1693382599200472000
425 1693382599232506000
426 1693382599268533000
427 1693382599300523000
428 1693382599332536000
429 1693382599368576000
430 1693382599400574000
431 1693382599432567000
432 1693382599468579000
433 1693382599500563000
434 1693382599532614000
435 1693382599568602000
436 1693382599600693000
437 1693382599632611000
438 1693382599668573000
439 1693382599700610000
440 1693382599732633000
441 1693382599768657000
442 1693382599800693000
443 1693382599832710000
444 1693382599868689000
445 1693382599900810000
446 1693382599932834000
447 1693382599968770000
448 1693382600000808000
449 1693382600032797000
450 1693382600068788000
451 1693382600100779000
452 1693382600132837000
453 1693382600168806000
454 1693382600200882000
455 1693382600232932000
456 1693382600268914000
457 1693382600301036000
458 1693382600333115000
459 1693382600369004000
460 1693382600400971000
461 1693382600432990000
462 1693382600469014000
463 1693382600501055000
464 1693382600532998000
465 1693382600569019000
466 1693382600601065000
467 1693382600633089000
468 1693382600677128000
469 1693382600701129000
470 1693382600733120000
471 1693382600776555000
472 1693382600801181000
473 1693382600833238000
474 1693382600876573000
475 1693382600901272000
476 1693382600933289000
477 1693382600977668000
478 1693382601001284000
479 1693382601033342000
480 1693382601076707000
481 1693382601101397000
482 1693382601136647000
483 1693382601175219000
484 1693382601201376000
485 1693382601233482000
486 1693382601269284000
487 1693382601301448000
488 1693382601333458000
489 1693382601365480000
490 1693382601401443000
491 1693382601433456000
492 1693382601465518000
493 1693382601501556000
494 1693382601533553000
495 1693382601565588000
496 1693382601601671000
497 1693382601633707000
498 1693382601665723000
499 1693382601701733000
500 1693382601733805000
501 1693382601765774000
502 1693382601801769000
503 1693382601833890000
504 1693382601865878000
505 1693382601901874000
506 1693382601933885000
507 1693382601965929000
508 1693382602001695000
509 1693382602033832000
510 1693382602065833000
511 1693382602101877000
512 1693382602133807000
513 1693382602165878000
514 1693382602201916000
515 1693382602233910000
516 1693382602265926000
517 1693382602302066000
518 1693382602333984000
519 1693382602365992000
520 1693382602402073000
521 1693382602434080000
522 1693382602466122000
523 1693382602502155000
524 1693382602534146000
525 1693382602566230000
526 1693382602602152000
527 1693382602634223000
528 1693382602666229000
529 1693382602702254000
530 1693382602734265000
531 1693382602766325000
532 1693382602802200000
533 1693382602834174000
534 1693382602866177000
535 1693382602902245000
536 1693382602934271000
537 1693382602966277000
538 1693382603002289000
539 1693382603034311000
540 1693382603066274000
541 1693382603110173000
542 1693382603134372000
543 1693382603166410000
544 1693382603209715000
545 1693382603234504000
546 1693382603266515000
547 1693382603309809000
548 1693382603334547000
549 1693382603368434000
550 1693382603409775000
551 1693382603434572000
552 1693382603466641000
553 1693382603509851000
554 1693382603534681000
555 1693382603566590000
556 1693382603610509000
557 1693382603634678000
558 1693382603668250000
559 1693382603711064000
560 1693382603734645000
561 1693382603766688000
562 1693382603811282000
563 1693382603834680000
564 1693382603866695000
565 1693382603910276000
566 1693382603934735000
567 1693382603966762000
568 1693382604010048000
569 1693382604034917000
570 1693382604066834000
571 1693382604110105000
572 1693382604134968000
573 1693382604166942000
574 1693382604210854000
575 1693382604235000000
576 1693382604266958000
577 1693382604299095000
578 1693382604335064000
579 1693382604367009000
580 1693382604399149000
581 1693382604434993000
582 1693382604466998000
583 1693382604499031000
584 1693382604535051000
585 1693382604567059000
586 1693382604599101000
587 1693382604635088000
588 1693382604667096000
589 1693382604699119000
590 1693382604735149000
591 1693382604767158000
592 1693382604799289000
593 1693382604835257000
594 1693382604867200000
595 1693382604899292000
596 1693382604935303000
597 1693382604967373000
598 1693382604999412000
599 1693382605035430000
600 1693382605067297000
601 1693382605099394000
602 1693382605135514000
603 1693382605167419000
604 1693382605199472000
605 1693382605235404000
606 1693382605267395000
607 1693382605299406000
608 1693382605335458000
609 1693382605367487000
610 1693382605399488000
611 1693382605435523000
612 1693382605467530000
613 1693382605499623000
614 1693382605543045000
615 1693382605567908000
616 1693382605600192000
617 1693382605643266000
618 1693382605667675000
619 1693382605699633000
620 1693382605743022000
621 1693382605767725000
622 1693382605799814000
623 1693382605842947000
624 1693382605867790000
625 1693382605899767000
626 1693382605943304000
627 1693382605967891000
628 1693382605999876000
629 1693382606043293000
630 1693382606067791000
631 1693382606099811000
632 1693382606143547000
633 1693382606167839000
634 1693382606199842000
635 1693382606243515000
636 1693382606267940000
637 1693382606300036000
638 1693382606343777000
639 1693382606368053000
640 1693382606400003000
641 1693382606443592000
642 1693382606468137000
643 1693382606500097000
644 1693382606543658000
645 1693382606568147000
646 1693382606600174000
647 1693382606643849000
648 1693382606668227000
649 1693382606700131000
650 1693382606761341000
651 1693382606773337000
652 1693382606800308000
653 1693382606844422000
654 1693382606868224000
655 1693382606900248000
656 1693382606944986000
657 1693382606968320000
658 1693382607000360000
659 1693382607043878000
660 1693382607068286000
661 1693382607100315000
662 1693382607144190000
663 1693382607168398000
664 1693382607204088000
665 1693382607242293000
666 1693382607268494000
667 1693382607300513000
668 1693382607332521000
669 1693382607368507000
670 1693382607400522000
671 1693382607432543000
672 1693382607468587000
673 1693382607500522000
674 1693382607532582000
675 1693382607568605000
676 1693382607600585000
677 1693382607632656000
678 1693382607668635000
679 1693382607700634000
680 1693382607732600000
681 1693382607768660000
682 1693382607800641000
683 1693382607832697000
684 1693382607868744000
685 1693382607900688000
686 1693382607932877000
687 1693382607968892000
688 1693382608000784000
689 1693382608032928000
690 1693382608076143000
691 1693382608100839000
692 1693382608132873000
693 1693382608171157000
694 1693382608200978000
695 1693382608232982000
696 1693382608276547000
697 1693382608301014000
698 1693382608333012000
699 1693382608371397000
700 1693382608401019000
701 1693382608433099000
702 1693382608476843000
703 1693382608500984000
704 1693382608532990000
705 1693382608576783000
706 1693382608601025000
707 1693382608633046000
708 1693382608676907000
709 1693382608701098000
710 1693382608733098000
711 1693382608776630000
712 1693382608801250000
713 1693382608833296000
714 1693382608876580000
715 1693382608901285000
716 1693382608933347000
717 1693382608977156000
718 1693382609001411000
719 1693382609033449000
720 1693382609076747000
721 1693382609101465000
722 1693382609133429000
723 1693382609176816000
724 1693382609201379000
725 1693382609233398000
726 1693382609278027000
727 1693382609301414000
728 1693382609333429000
729 1693382609377876000
730 1693382609401491000
731 1693382609433485000
732 1693382609477473000
733 1693382609501530000
734 1693382609533627000
735 1693382609577369000
736 1693382609601679000
737 1693382609633719000
738 1693382609677055000
739 1693382609701809000
740 1693382609734160000
741 1693382609777721000
742 1693382609801706000
743 1693382609833777000
744 1693382609877296000
745 1693382609901819000
746 1693382609933826000
747 1693382609977761000
748 1693382610001778000
749 1693382610033826000
750 1693382610078407000
751 1693382610101828000
752 1693382610133841000
753 1693382610177434000
754 1693382610201873000
755 1693382610233839000
756 1693382610291348000
757 1693382610302207000
758 1693382610333942000
759 1693382610377511000
760 1693382610402060000
761 1693382610434092000
762 1693382610466100000
763 1693382610509405000
764 1693382610534129000
765 1693382610566143000
766 1693382610609951000
767 1693382610634195000
768 1693382610666134000
769 1693382610702291000
770 1693382610734200000
771 1693382610766706000
772 1693382610810232000
773 1693382610834182000
774 1693382610866167000
775 1693382610910263000
776 1693382610934228000
777 1693382610966227000
778 1693382611010038000
779 1693382611034236000
780 1693382611066254000
781 1693382611109890000
782 1693382611134336000
783 1693382611166327000
784 1693382611209904000
785 1693382611234472000
786 1693382611266462000
787 1693382611310421000
788 1693382611334549000
789 1693382611366627000
790 1693382611410167000
791 1693382611434626000
792 1693382611466541000
793 1693382611510635000
794 1693382611534606000
795 1693382611566628000
796 1693382611610121000
797 1693382611634598000
798 1693382611666806000
799 1693382611717952000
800 1693382611734599000
801 1693382611766612000
802 1693382611810275000
803 1693382611834667000
804 1693382611866689000
805 1693382611910297000
806 1693382611934740000
807 1693382611966749000
808 1693382612010350000
809 1693382612034836000
810 1693382612069285000
811 1693382612108915000
812 1693382612134892000
813 1693382612166831000
814 1693382612210273000
815 1693382612234889000
816 1693382612266878000
817 1693382612310782000
818 1693382612335079000
819 1693382612367010000
820 1693382612411368000
821 1693382612434984000
822 1693382612467025000
823 1693382612512398000
824 1693382612535000000
825 1693382612567059000
826 1693382612610748000
827 1693382612635094000
828 1693382612667158000
829 1693382612710572000
830 1693382612735277000
831 1693382612767131000
832 1693382612810973000
833 1693382612835317000
834 1693382612867191000
835 1693382612910824000
836 1693382612941330000
837 1693382612967673000
838 1693382613011091000
839 1693382613041201000
840 1693382613067270000
841 1693382613111555000
842 1693382613141441000
843 1693382613167446000
844 1693382613211422000
845 1693382613242082000
846 1693382613267425000
847 1693382613311347000
848 1693382613342914000
849 1693382613367403000
850 1693382613411478000
851 1693382613441639000
852 1693382613467497000
853 1693382613499455000
854 1693382613542971000
855 1693382613567489000
856 1693382613599575000
857 1693382613642811000
858 1693382613667740000
859 1693382613699626000
860 1693382613743403000
861 1693382613767780000
862 1693382613799719000
863 1693382613843391000
864 1693382613868269000
865 1693382613899717000
866 1693382613943510000
867 1693382613967886000
868 1693382613999769000
869 1693382614043989000
870 1693382614067883000
871 1693382614105365000
872 1693382614145335000
873 1693382614167877000
874 1693382614199836000
875 1693382614244038000
876 1693382614267931000
877 1693382614299929000
878 1693382614343397000
879 1693382614368106000
880 1693382614399953000
881 1693382614443526000
882 1693382614468170000
883 1693382614499994000
884 1693382614544071000
885 1693382614568166000
886 1693382614600107000
887 1693382614644060000
888 1693382614668596000
889 1693382614700125000
890 1693382614743600000
891 1693382614768258000
892 1693382614800133000
893 1693382614844755000
894 1693382614868191000
895 1693382614900213000
896 1693382614944959000
897 1693382614968259000
898 1693382615000297000
899 1693382615043948000
900 1693382615068306000
901 1693382615100296000
902 1693382615144105000
903 1693382615168471000
904 1693382615200349000
905 1693382615243824000
906 1693382615268500000
907 1693382615300465000
908 1693382615344441000
909 1693382615374916000
910 1693382615400497000
911 1693382615444116000
912 1693382615475633000
913 1693382615500536000
914 1693382615544589000
915 1693382615575590000
916 1693382615600711000
917 1693382615644596000
918 1693382615681724000
919 1693382615700651000
920 1693382615760025000
921 1693382615772042000
922 1693382615800640000
923 1693382615844324000
924 1693382615875692000
925 1693382615900803000
926 1693382615944293000
927 1693382615975551000
928 1693382616000740000
929 1693382616044647000
930 1693382616075068000
931 1693382616100908000
932 1693382616144156000
933 1693382616175104000
934 1693382616200866000
935 1693382616244908000
936 1693382616275470000
937 1693382616300880000
938 1693382616344685000
939 1693382616378922000
940 1693382616400933000
941 1693382616445087000
942 1693382616475478000
943 1693382616501031000
944 1693382616544966000
945 1693382616575418000
946 1693382616601087000
947 1693382616633106000
948 1693382616676697000
949 1693382616701122000
950 1693382616733151000
951 1693382616776506000
952 1693382616801166000
953 1693382616833191000
954 1693382616876852000
955 1693382616901225000
956 1693382616933244000
957 1693382616977238000
958 1693382617001274000
959 1693382617033250000
960 1693382617077010000
961 1693382617101317000
962 1693382617133340000
963 1693382617177172000
964 1693382617201404000
965 1693382617233405000
966 1693382617279272000
967 1693382617301435000
968 1693382617333431000
969 1693382617394573000
970 1693382617405318000
971 1693382617433445000
972 1693382617477006000
973 1693382617501490000
974 1693382617533505000
975 1693382617576844000
976 1693382617601591000
977 1693382617633595000
978 1693382617677311000
979 1693382617701658000
980 1693382617733594000
981 1693382617777610000
982 1693382617801680000
983 1693382617833645000
984 1693382617878407000
985 1693382617909158000
986 1693382617933698000
987 1693382617978383000
988 1693382618025042000
989 1693382618036223000
990 1693382618084462000
991 1693382618108209000
992 1693382618133863000
993 1693382618177796000
994 1693382618208447000
995 1693382618233876000
996 1693382618277970000
997 1693382618308507000
998 1693382618333968000
999 1693382618377338000
1000 1693382618407886000
1001 1693382618433982000
1002 1693382618477351000
1003 1693382618507994000
1004 1693382618534052000
1005 1693382618578089000
1006 1693382618608059000
1007 1693382618634107000
1008 1693382618678708000
1009 1693382618708639000
1010 1693382618734167000
1011 1693382618778640000
1012 1693382618826608000
1013 1693382618840043000
1014 1693382618879711000
1015 1693382618909689000
1016 1693382618934245000
1017 1693382618978631000
1018 1693382619009882000
1019 1693382619034249000
1020 1693382619078305000
1021 1693382619110087000
1022 1693382619134307000
1023 1693382619177731000
1024 1693382619208641000
1025 1693382619234380000
1026 1693382619278119000
1027 1693382619308620000
1028 1693382619334456000
1029 1693382619378525000
1030 1693382619409084000
1031 1693382619434444000
1032 1693382619478670000
1033 1693382619509658000
1034 1693382619534533000
1035 1693382619584561000
1036 1693382619613829000
1037 1693382619634516000
1038 1693382619666629000
1039 1693382619714821000
1040 1693382619734600000
1041 1693382619766705000
1042 1693382619812017000
1043 1693382619834677000
1044 1693382619866737000
1045 1693382619910443000
1046 1693382619934736000
1047 1693382619966738000
1048 1693382620010233000
1049 1693382620034772000
1050 1693382620066839000
1051 1693382620110559000
1052 1693382620134848000
1053 1693382620166842000
1054 1693382620211811000
1055 1693382620234879000
1056 1693382620266867000
1057 1693382620310814000
1058 1693382620341018000
1059 1693382620366958000
1060 1693382620411155000
1061 1693382620441260000
1062 1693382620467035000
1063 1693382620515335000
1064 1693382620545680000
1065 1693382620567029000
1066 1693382620613330000
1067 1693382620643536000
1068 1693382620667135000
1069 1693382620711798000
1070 1693382620742702000
1071 1693382620767195000
1072 1693382620811256000
1073 1693382620841365000
1074 1693382620867276000
1075 1693382620910800000
1076 1693382620941279000
1077 1693382620967354000
1078 1693382621012880000
1079 1693382621041450000
1080 1693382621067308000
1081 1693382621112415000
1082 1693382621141903000
1083 1693382621167431000
1084 1693382621211405000
1085 1693382621243485000
1086 1693382621267443000
1087 1693382621311165000
1088 1693382621341561000
1089 1693382621367495000
1090 1693382621411516000
1091 1693382621442154000
1092 1693382621467565000
1093 1693382621511074000
1094 1693382621541534000
1095 1693382621567582000
1096 1693382621611277000
1097 1693382621641876000
1098 1693382621667730000
1099 1693382621711324000
1100 1693382621741601000
1101 1693382621767774000
1102 1693382621811543000
1103 1693382621842065000
1104 1693382621867830000
1105 1693382621912330000
1106 1693382621942225000
1107 1693382621967853000
1108 1693382622029212000
1109 1693382622041517000
1110 1693382622067841000
1111 1693382622111873000
1112 1693382622142047000
1113 1693382622167893000
1114 1693382622211852000
1115 1693382622242366000
1116 1693382622267969000
1117 1693382622311397000
1118 1693382622343017000
1119 1693382622368032000
1120 1693382622411412000
1121 1693382622441962000
1122 1693382622468115000
1123 1693382622512268000
1124 1693382622543207000
1125 1693382622568163000
1126 1693382622612509000
1127 1693382622643056000
1128 1693382622668210000
1129 1693382622700222000
1130 1693382622744394000
1131 1693382622775758000
1132 1693382622800247000
1133 1693382622844360000
1134 1693382622874395000
1135 1693382622900173000
1136 1693382622944557000
1137 1693382622974356000
1138 1693382623000195000
1139 1693382623043992000
1140 1693382623074434000
1141 1693382623100297000
1142 1693382623144313000
1143 1693382623174731000
1144 1693382623200492000
1145 1693382623243981000
1146 1693382623274768000
1147 1693382623300530000
1148 1693382623344322000
1149 1693382623374486000
1150 1693382623400570000
1151 1693382623444648000
1152 1693382623474842000
1153 1693382623500590000
1154 1693382623544616000
1155 1693382623575023000
1156 1693382623600695000
1157 1693382623637529000
1158 1693382623674745000
1159 1693382623700576000
1160 1693382623745036000
1161 1693382623775285000
1162 1693382623800661000
1163 1693382623845113000
1164 1693382623874896000
1165 1693382623900746000
1166 1693382623944430000
1167 1693382623974856000
1168 1693382624000785000
1169 1693382624044515000
1170 1693382624075079000
1171 1693382624100801000
1172 1693382624144689000
1173 1693382624174888000
1174 1693382624200828000
1175 1693382624244606000
1176 1693382624274874000
1177 1693382624300993000
1178 1693382624344789000
1179 1693382624375585000
1180 1693382624400929000
1181 1693382624445140000
1182 1693382624474932000
1183 1693382624500974000
1184 1693382624545084000
1185 1693382624575693000
1186 1693382624601022000
1187 1693382624645023000
1188 1693382624675329000
1189 1693382624701120000
1190 1693382624744532000
1191 1693382624775064000
1192 1693382624801270000
1193 1693382624845239000
1194 1693382624875357000
1195 1693382624901332000
1196 1693382624945037000
1197 1693382624989622000
1198 1693382625001792000
1199 1693382625045095000
1200 1693382625075354000
1201 1693382625101396000
1202 1693382625145658000
1203 1693382625175592000
1204 1693382625201329000
1205 1693382625245986000
1206 1693382625275643000
1207 1693382625307688000
1208 1693382625343930000
1209 1693382625375897000
1210 1693382625407663000
1211 1693382625443976000
1212 1693382625475822000
1213 1693382625507616000
1214 1693382625543787000
1215 1693382625575719000
1216 1693382625607518000
1217 1693382625643839000
1218 1693382625675718000
1219 1693382625707931000
1220 1693382625743902000
1221 1693382625775868000
1222 1693382625807977000
1223 1693382625833781000
1224 1693382625895576000
1225 1693382625907836000
1226 1693382625933919000
1227 1693382625977631000
1228 1693382626008081000
1229 1693382626033798000
1230 1693382626077941000
1231 1693382626108069000
1232 1693382626133823000
1233 1693382626177805000
1234 1693382626208821000
1235 1693382626233876000
1236 1693382626277805000
1237 1693382626307991000
1238 1693382626333946000
1239 1693382626377413000
1240 1693382626408225000
1241 1693382626434107000
1242 1693382626478417000
1243 1693382626509368000
1244 1693382626534173000
1245 1693382626578396000
1246 1693382626608360000
1247 1693382626634191000
1248 1693382626678403000
1249 1693382626708545000
1250 1693382626734305000
1251 1693382626770159000
1252 1693382626810103000
1253 1693382626834186000
1254 1693382626878762000
1255 1693382626908512000
1256 1693382626934222000
1257 1693382626977913000
1258 1693382627008481000
1259 1693382627034283000
1260 1693382627078751000
1261 1693382627108863000
1262 1693382627134347000
1263 1693382627177989000
1264 1693382627208494000
1265 1693382627234499000
1266 1693382627278298000
1267 1693382627308735000
1268 1693382627334561000
1269 1693382627378369000
1270 1693382627408616000
1271 1693382627434666000
1272 1693382627478382000
1273 1693382627508783000
1274 1693382627534698000
1275 1693382627578431000
1276 1693382627624425000
1277 1693382627637296000
1278 1693382627678643000
1279 1693382627708717000
1280 1693382627741026000
1281 1693382627777096000
1282 1693382627809105000
1283 1693382627840858000
1284 1693382627876861000
1285 1693382627909045000
1286 1693382627940765000
1287 1693382627976716000
1288 1693382628008769000
1289 1693382628040746000
1290 1693382628077236000
1291 1693382628109020000
1292 1693382628141037000
1293 1693382628196733000
1294 1693382628210737000
1295 1693382628242129000
1296 1693382628276878000
1297 1693382628309215000
1298 1693382628341191000
1299 1693382628376931000
1300 1693382628425118000
1301 1693382628437784000
1302 1693382628479185000
1303 1693382628509626000
1304 1693382628541673000
1305 1693382628577995000
1306 1693382628610386000
1307 1693382628641344000
1308 1693382628677291000
1309 1693382628709146000
1310 1693382628741127000
1311 1693382628777129000
1312 1693382628809266000
1313 1693382628841271000
1314 1693382628867206000
1315 1693382628911854000
1316 1693382628941346000
1317 1693382628967244000
1318 1693382629011339000
1319 1693382629041639000
1320 1693382629067305000
1321 1693382629111736000
1322 1693382629141563000
1323 1693382629167461000
1324 1693382629211247000
1325 1693382629241919000
1326 1693382629267441000
1327 1693382629312173000
1328 1693382629341824000
1329 1693382629367458000
1330 1693382629412093000
1331 1693382629441919000
1332 1693382629467453000
1333 1693382629511392000
1334 1693382629541900000
1335 1693382629567582000
1336 1693382629611329000
1337 1693382629642059000
1338 1693382629667755000
1339 1693382629711496000
1340 1693382629741578000
1341 1693382629767750000
1342 1693382629831054000
1343 1693382629843598000
1344 1693382629867787000
1345 1693382629915962000
1346 1693382629944300000
1347 1693382629967850000
1348 1693382630011557000
1349 1693382630042008000
1350 1693382630067757000
1351 1693382630111748000
1352 1693382630142002000
1353 1693382630174655000
1354 1693382630210256000
1355 1693382630242233000
1356 1693382630273950000
1357 1693382630309845000
1358 1693382630341840000
1359 1693382630373831000
1360 1693382630410069000
1361 1693382630442065000
1362 1693382630474225000
1363 1693382630510259000
1364 1693382630542070000
1365 1693382630574168000
1366 1693382630610272000
1367 1693382630642313000
1368 1693382630674157000
1369 1693382630710681000
1370 1693382630742694000
1371 1693382630774395000
1372 1693382630810408000
1373 1693382630842440000
1374 1693382630874413000
1375 1693382630910609000
1376 1693382630942652000
1377 1693382630974420000
1378 1693382631010450000
1379 1693382631042394000
1380 1693382631074444000
1381 1693382631110529000
1382 1693382631142547000
1383 1693382631174624000
1384 1693382631210395000
1385 1693382631242579000
1386 1693382631274655000
1387 1693382631310464000
1388 1693382631342515000
1389 1693382631374455000
1390 1693382631410564000
1391 1693382631442761000
1392 1693382631490950000
1393 1693382631512451000
1394 1693382631544604000
1395 1693382631574772000
1396 1693382631610746000
1397 1693382631642775000
1398 1693382631674743000
1399 1693382631711041000
1400 1693382631743140000
1401 1693382631775099000
1402 1693382631811029000
1403 1693382631842851000
1404 1693382631874906000
1405 1693382631900689000
1406 1693382631944140000
1407 1693382631975013000
1408 1693382632000897000
1409 1693382632044607000
1410 1693382632074775000
1411 1693382632100878000
1412 1693382632144714000
1413 1693382632175221000
1414 1693382632200965000
1415 1693382632244811000
1416 1693382632275101000
1417 1693382632301145000
1418 1693382632363274000
1419 1693382632375402000
1420 1693382632400996000
1421 1693382632444463000
1422 1693382632474931000
1423 1693382632500984000
1424 1693382632545109000
1425 1693382632575426000
1426 1693382632607211000
1427 1693382632643435000
1428 1693382632675470000
1429 1693382632707191000
1430 1693382632743092000
1431 1693382632775013000
1432 1693382632807106000
1433 1693382632843230000
1434 1693382632875206000
1435 1693382632907321000
1436 1693382632943416000
1437 1693382632975444000
1438 1693382633007217000
1439 1693382633060892000
1440 1693382633074116000
1441 1693382633108889000
1442 1693382633143630000
1443 1693382633175267000
1444 1693382633207749000
1445 1693382633243559000
1446 1693382633275639000
1447 1693382633307594000
1448 1693382633352745000
1449 1693382633375700000
1450 1693382633407737000
1451 1693382633444687000
1452 1693382633476072000
1453 1693382633507751000
1454 1693382633544240000
1455 1693382633575823000
1456 1693382633607579000
1457 1693382633643784000
1458 1693382633675882000
1459 1693382633707854000
1460 1693382633744202000
1461 1693382633792339000
1462 1693382633805281000
1463 1693382633845265000
1464 1693382633875758000
1465 1693382633908266000
1466 1693382633961188000
1467 1693382633974708000
1468 1693382634009813000
1469 1693382634044257000
1470 1693382634092145000
1471 1693382634105428000
1472 1693382634145880000
1473 1693382634176562000
1474 1693382634208834000
1475 1693382634244818000
1476 1693382634276258000
1477 1693382634308175000
1478 1693382634344952000
1479 1693382634376488000
1480 1693382634407955000
1481 1693382634444391000
1482 1693382634476333000
1483 1693382634508238000
1484 1693382634544743000
1485 1693382634592814000
1486 1693382634605749000
1487 1693382634655822000
1488 1693382634676112000
1489 1693382634708217000
1490 1693382634744713000
1491 1693382634776587000
1492 1693382634808633000
1493 1693382634844899000
1494 1693382634876972000
1495 1693382634908938000
1496 1693382634945226000
1497 1693382634976787000
1498 1693382635008882000
1499 1693382635034309000
1500 1693382635078123000
1501 1693382635108615000
1502 1693382635140947000
1503 1693382635176345000
1504 1693382635208358000
1505 1693382635240400000
1506 1693382635276653000
1507 1693382635308444000
1508 1693382635340487000
1509 1693382635376758000
1510 1693382635409340000
1511 1693382635440948000
1512 1693382635476964000
1513 1693382635509163000
1514 1693382635540985000
1515 1693382635577377000
1516 1693382635608950000
1517 1693382635640846000
1518 1693382635676977000
1519 1693382635708756000
1520 1693382635741000000
1521 1693382635777056000
1522 1693382635808852000
1523 1693382635840782000
1524 1693382635876984000
1525 1693382635908967000
1526 1693382635940998000
1527 1693382635976616000
1528 1693382636008871000
1529 1693382636040860000
1530 1693382636076918000
1531 1693382636109244000
1532 1693382636141273000
1533 1693382636177003000
1534 1693382636209129000
1535 1693382636241517000
1536 1693382636277175000
1537 1693382636309493000
1538 1693382636341385000
1539 1693382636377216000
1540 1693382636409738000
1541 1693382636441409000
1542 1693382636477578000
1543 1693382636509528000
1544 1693382636541813000
1545 1693382636578110000
1546 1693382636609995000
1547 1693382636641486000
1548 1693382636677416000
1549 1693382636709263000
1550 1693382636741399000
1551 1693382636786705000
1552 1693382636808998000
1553 1693382636841353000
1554 1693382636877481000
1555 1693382636909189000
1556 1693382636941258000
1557 1693382636977265000
1558 1693382637009488000
1559 1693382637041578000
1560 1693382637077530000
1561 1693382637124722000
1562 1693382637137225000
1563 1693382637179086000
1564 1693382637209760000
1565 1693382637241710000
1566 1693382637277802000
1567 1693382637309705000
1568 1693382637342513000
1569 1693382637378010000
1570 1693382637409714000
1571 1693382637441998000
1572 1693382637477710000
1573 1693382637509471000
1574 1693382637541551000
1575 1693382637573578000
1576 1693382637609718000
1577 1693382637641828000
1578 1693382637673456000
1579 1693382637709633000
1580 1693382637741791000
1581 1693382637773511000
1582 1693382637810183000
1583 1693382637842254000
1584 1693382637873782000
1585 1693382637909947000
1586 1693382637942032000
1587 1693382637973813000
1588 1693382638009805000
1589 1693382638041980000
1590 1693382638073867000
1591 1693382638110276000
1592 1693382638142476000
1593 1693382638173996000
1594 1693382638210286000
1595 1693382638242430000
1596 1693382638274039000
1597 1693382638309893000
1598 1693382638341877000
1599 1693382638373995000
1600 1693382638409998000
1601 1693382638442204000
1602 1693382638474174000
1603 1693382638509952000
1604 1693382638542222000
1605 1693382638574102000
1606 1693382638610412000
1607 1693382638642417000
1608 1693382638674220000
1609 1693382638727895000
1610 1693382638741469000
1611 1693382638775789000
1612 1693382638810520000
1613 1693382638842601000
1614 1693382638874842000
1615 1693382638910986000
1616 1693382638942982000
1617 1693382638975017000
1618 1693382639011018000
1619 1693382639043046000
1620 1693382639074692000
1621 1693382639110493000
1622 1693382639142493000
1623 1693382639174702000
1624 1693382639210718000
1625 1693382639242555000
1626 1693382639274578000
1627 1693382639311009000
1628 1693382639356841000
1629 1693382639369045000
1630 1693382639412615000
1631 1693382639443060000
1632 1693382639474812000
1633 1693382639528288000
1634 1693382639542103000
1635 1693382639576379000
1636 1693382639611244000
1637 1693382639643150000
1638 1693382639674878000
1639 1693382639711200000
1640 1693382639742996000
1641 1693382639775104000
1642 1693382639810950000
1643 1693382639843027000
1644 1693382639874801000
1645 1693382639910657000
1646 1693382639942716000
1647 1693382639974835000
1648 1693382640006697000
1649 1693382640043158000
1650 1693382640074863000
1651 1693382640107001000
1652 1693382640143033000
1653 1693382640175278000
1654 1693382640207176000
1655 1693382640243369000
1656 1693382640275261000
1657 1693382640307555000
1658 1693382640343212000
1659 1693382640375358000
1660 1693382640407488000
1661 1693382640443151000
1662 1693382640475488000
1663 1693382640507195000
1664 1693382640543461000
1665 1693382640575796000
1666 1693382640607846000
1667 1693382640643451000
1668 1693382640675434000
1669 1693382640707177000
1670 1693382640743115000
1671 1693382640775094000
1672 1693382640807043000
1673 1693382640843408000
1674 1693382640875213000
1675 1693382640907121000
1676 1693382640943433000
1677 1693382640975430000
1678 1693382641007396000
1679 1693382641043599000
1680 1693382641075441000
1681 1693382641107552000
1682 1693382641143936000
1683 1693382641175983000
1684 1693382641207667000
1685 1693382641255981000
1686 1693382641278051000
1687 1693382641309222000
1688 1693382641344136000
1689 1693382641375558000
1690 1693382641407862000
1691 1693382641443824000
1692 1693382641475792000
1693 1693382641507757000
1694 1693382641543822000
1695 1693382641575722000
1696 1693382641607728000
1697 1693382641643647000
1698 1693382641675766000
1699 1693382641707681000
1700 1693382641743851000
1701 1693382641775798000
1702 1693382641807880000
1703 1693382641844179000
1704 1693382641875771000
1705 1693382641908300000
1706 1693382641944376000
1707 1693382641976384000
1708 1693382642008100000
1709 1693382642044375000
1710 1693382642076369000
1711 1693382642108370000
1712 1693382642144693000
1713 1693382642176702000
1714 1693382642208367000
1715 1693382642244131000
1716 1693382642276186000
1717 1693382642308162000
1718 1693382642344261000
1719 1693382642376134000
1720 1693382642408267000
1721 1693382642444158000
1722 1693382642476179000
1723 1693382642508336000
1724 1693382642540453000
1725 1693382642576545000
1726 1693382642608583000
1727 1693382642640542000
1728 1693382642676532000
1729 1693382642708346000
1730 1693382642740706000
1731 1693382642776808000
1732 1693382642808651000
1733 1693382642840845000
1734 1693382642876740000
1735 1693382642908855000
1736 1693382642940886000
1737 1693382642977027000
1738 1693382643009009000
1739 1693382643040520000
1740 1693382643076979000
1741 1693382643109004000
1742 1693382643140506000
1743 1693382643176430000
1744 1693382643210016000
1745 1693382643241240000
1746 1693382643277807000
1747 1693382643309131000
1748 1693382643340536000
1749 1693382643377011000
1750 1693382643408790000
1751 1693382643440598000
1752 1693382643476592000
1753 1693382643509182000
1754 1693382643540982000
1755 1693382643577295000
1756 1693382643609094000
1757 1693382643641071000
1758 1693382643676846000
1759 1693382643708920000
1760 1693382643740902000
1761 1693382643776986000
1762 1693382643809031000
1763 1693382643840702000
1764 1693382643890278000
1765 1693382643910741000
1766 1693382643942226000
1767 1693382643976802000
1768 1693382644023544000
1769 1693382644044045000
1770 1693382644078611000
1771 1693382644108765000
1772 1693382644141021000
1773 1693382644177123000
1774 1693382644209125000
1775 1693382644240984000
1776 1693382644277401000
1777 1693382644309539000
1778 1693382644341382000
1779 1693382644377476000
1780 1693382644410176000
1781 1693382644441558000
1782 1693382644477316000
1783 1693382644509759000
1784 1693382644541758000
1785 1693382644577761000
1786 1693382644609182000
1787 1693382644641265000
1788 1693382644677494000
1789 1693382644709359000
1790 1693382644741418000
1791 1693382644777130000
1792 1693382644809407000
1793 1693382644841050000
1794 1693382644877135000
1795 1693382644909331000
1796 1693382644941424000
1797 1693382644973579000
1798 1693382645009227000
1799 1693382645041270000
1800 1693382645073184000
1801 1693382645109841000
1802 1693382645141854000
1803 1693382645173655000
1804 1693382645209923000
1805 1693382645241650000
1806 1693382645273786000
1807 1693382645321123000
1808 1693382645342413000
1809 1693382645375829000
1810 1693382645409984000
1811 1693382645441755000
1812 1693382645473974000
1813 1693382645509812000
1814 1693382645541889000
1815 1693382645574092000
1816 1693382645609787000
1817 1693382645641981000
1818 1693382645673728000
1819 1693382645709999000
1820 1693382645741875000
1821 1693382645773706000
1822 1693382645809676000
1823 1693382645841692000
1824 1693382645873703000
1825 1693382645909847000
1826 1693382645941988000
1827 1693382645973731000
1828 1693382646009821000
1829 1693382646042262000
1830 1693382646089228000
1831 1693382646110765000
1832 1693382646143885000
1833 1693382646174847000
1834 1693382646209945000
1835 1693382646241943000
1836 1693382646274043000
1837 1693382646310012000
1838 1693382646341973000
1839 1693382646373972000
1840 1693382646410130000
1841 1693382646442129000
1842 1693382646473953000
1843 1693382646510275000
1844 1693382646542270000
1845 1693382646574736000
1846 1693382646610565000
1847 1693382646642301000
1848 1693382646674619000
1849 1693382646710595000
1850 1693382646742661000
1851 1693382646774683000
1852 1693382646810661000
1853 1693382646842679000
1854 1693382646889935000
1855 1693382646911413000
1856 1693382646944696000
1857 1693382646974652000
1858 1693382647010958000
1859 1693382647042399000
1860 1693382647074774000
1861 1693382647110863000
1862 1693382647142872000
1863 1693382647174548000
1864 1693382647210933000
1865 1693382647242515000
1866 1693382647274384000
1867 1693382647310308000
1868 1693382647342477000
1869 1693382647374752000
1870 1693382647406727000
1871 1693382647442732000
1872 1693382647474677000
1873 1693382647506673000
1874 1693382647543106000
1875 1693382647592774000
1876 1693382647606477000
1877 1693382647644605000
1878 1693382647675177000
1879 1693382647707223000
1880 1693382647743485000
1881 1693382647775559000
1882 1693382647821340000
1883 1693382647842934000
1884 1693382647875307000
1885 1693382647907232000
1886 1693382647942741000
1887 1693382647974736000
1888 1693382648006659000
1889 1693382648042546000
1890 1693382648074831000
1891 1693382648106989000
1892 1693382648143282000
1893 1693382648175265000
1894 1693382648206954000
1895 1693382648242993000
1896 1693382648274993000
1897 1693382648307139000
1898 1693382648343083000
1899 1693382648392769000
1900 1693382648406693000
1901 1693382648450137000
1902 1693382648480061000
1903 1693382648512053000
1904 1693382648547224000
1905 1693382648580148000
1906 1693382648611206000
1907 1693382648644853000
1908 1693382648676956000
1909 1693382648708791000
1910 1693382648743063000
1911 1693382648775170000
1912 1693382648807181000
1913 1693382648842899000
1914 1693382648875220000
1915 1693382648907054000
1916 1693382648943128000
1917 1693382648975011000
1918 1693382649007167000
1919 1693382649044020000
1920 1693382649076575000
1921 1693382649108289000
1922 1693382649147170000
1923 1693382649179290000
1924 1693382649211529000
1925 1693382649248481000
1926 1693382649280304000
1927 1693382649312430000
1928 1693382649347686000
1929 1693382649379517000
1930 1693382649411159000
1931 1693382649444975000
1932 1693382649477010000
1933 1693382649508937000
1934 1693382649543246000
1935 1693382649575412000
1936 1693382649607510000
1937 1693382649643376000
1938 1693382649675380000
1939 1693382649707394000
1940 1693382649743526000
1941 1693382649775406000
1942 1693382649807480000
1943 1693382649839810000
1944 1693382649877010000
1945 1693382649909385000
1946 1693382649940923000
1947 1693382649979921000
1948 1693382650012060000
1949 1693382650044337000
1950 1693382650075870000
1951 1693382650108199000
1952 1693382650140839000
1953 1693382650176870000
1954 1693382650208494000
1955 1693382650240578000
1956 1693382650275918000
1957 1693382650308745000
1958 1693382650340870000
1959 1693382650375581000
1960 1693382650407819000
1961 1693382650440360000
1962 1693382650476239000
1963 1693382650508303000
1964 1693382650540630000
1965 1693382650576388000
1966 1693382650608585000
1967 1693382650641514000
1968 1693382650676634000
1969 1693382650709238000
1970 1693382650740454000
1971 1693382650776663000
1972 1693382650825140000
1973 1693382650838227000
1974 1693382650878122000
1975 1693382650908326000
1976 1693382650940873000
1977 1693382650976672000
1978 1693382651008806000
1979 1693382651040513000
1980 1693382651076597000
1981 1693382651108507000
1982 1693382651140417000
1983 1693382651176252000
1984 1693382651208479000
1985 1693382651240503000
1986 1693382651276559000
1987 1693382651308436000
1988 1693382651340991000
1989 1693382651376786000
1990 1693382651408861000
1991 1693382651440970000
1992 1693382651476959000
1993 1693382651508994000
1994 1693382651540741000
1995 1693382651576811000
1996 1693382651625499000
1997 1693382651647142000
1998 1693382651678512000
1999 1693382651708704000
2000 1693382651740715000
2001 1693382651776696000
2002 1693382651808699000
2003 1693382651840797000
2004 1693382651876635000
2005 1693382651908681000
2006 1693382651941056000
2007 1693382651976574000
2008 1693382652008633000
2009 1693382652040778000
2010 1693382652076741000
2011 1693382652108852000
2012 1693382652141081000
2013 1693382652177509000
2014 1693382652208952000
2015 1693382652241393000
2016 1693382652277211000
2017 1693382652309776000
2018 1693382652356871000
2019 1693382652378607000
2020 1693382652410530000
2021 1693382652441233000
2022 1693382652473229000
2023 1693382652509654000
2024 1693382652541286000
2025 1693382652573391000
2026 1693382652609428000
2027 1693382652641455000
2028 1693382652673472000
2029 1693382652709381000
2030 1693382652741401000
2031 1693382652774343000
2032 1693382652809096000
2033 1693382652841330000
2034 1693382652873618000
2035 1693382652908964000
2036 1693382652941260000
2037 1693382652973384000
2038 1693382653009520000
2039 1693382653041905000
2040 1693382653073676000
2041 1693382653112100000
2042 1693382653143721000
2043 1693382653176735000
2044 1693382653214793000
2045 1693382653246528000
2046 1693382653278742000
2047 1693382653314312000
2048 1693382653347121000
2049 1693382653379531000
2050 1693382653412108000
2051 1693382653443921000
2052 1693382653476693000
2053 1693382653509864000
2054 1693382653542315000
2055 1693382653575015000
2056 1693382653609493000
2057 1693382653641701000
2058 1693382653673738000
2059 1693382653709555000
2060 1693382653742900000
2061 1693382653773673000
2062 1693382653809720000
2063 1693382653843053000
2064 1693382653874869000
2065 1693382653911013000
2066 1693382653943227000
2067 1693382653975302000
2068 1693382654011090000
2069 1693382654043051000
2070 1693382654074878000
2071 1693382654111379000
2072 1693382654142901000
2073 1693382654175160000
2074 1693382654211113000
2075 1693382654243993000
2076 1693382654275975000
2077 1693382654310979000
2078 1693382654343027000
2079 1693382654375074000
2080 1693382654410784000
2081 1693382654442929000
2082 1693382654475265000
2083 1693382654510010000
2084 1693382654541943000
2085 1693382654574184000
2086 1693382654610990000
2087 1693382654642998000
2088 1693382654674914000
2089 1693382654713790000
2090 1693382654745684000
2091 1693382654777773000
2092 1693382654810192000
2093 1693382654847362000
2094 1693382654879563000
2095 1693382654911582000
2096 1693382654946613000
2097 1693382654979504000
2098 1693382655010735000
2099 1693382655044967000
2100 1693382655077615000
2101 1693382655109166000
2102 1693382655143286000
2103 1693382655174649000
2104 1693382655207386000
2105 1693382655248084000
2106 1693382655274631000
2107 1693382655306653000
2108 1693382655342397000
2109 1693382655374846000
2110 1693382655406571000
2111 1693382655442779000
2112 1693382655474661000
2113 1693382655506429000
2114 1693382655560934000
2115 1693382655574553000
2116 1693382655608262000
2117 1693382655642647000
2118 1693382655674588000
2119 1693382655706592000
2120 1693382655742784000
2121 1693382655786938000
2122 1693382655806907000
2123 1693382655844573000
2124 1693382655874834000
2125 1693382655906853000
2126 1693382655942628000
2127 1693382655974633000
2128 1693382656006771000
2129 1693382656042846000
2130 1693382656075036000
2131 1693382656107108000
2132 1693382656143436000
2133 1693382656175631000
2134 1693382656207503000
2135 1693382656243227000
2136 1693382656275285000
2137 1693382656307369000
2138 1693382656343367000
2139 1693382656392710000
2140 1693382656406172000
2141 1693382656445284000
2142 1693382656475157000
2143 1693382656507233000
2144 1693382656543555000
2145 1693382656575640000
2146 1693382656607506000
2147 1693382656643445000
2148 1693382656675678000
2149 1693382656707526000
2150 1693382656743235000
2151 1693382656775307000
2152 1693382656807231000
2153 1693382656843370000
2154 1693382656875426000
2155 1693382656907568000
2156 1693382656943327000
2157 1693382656975532000
2158 1693382657007318000
2159 1693382657043332000
2160 1693382657075341000
2161 1693382657107431000
2162 1693382657143324000
2163 1693382657175702000
2164 1693382657207694000
2165 1693382657239530000
2166 1693382657276117000
2167 1693382657307890000
2168 1693382657339862000
2169 1693382657376215000
2170 1693382657408204000
2171 1693382657440020000
2172 1693382657476294000
2173 1693382657508041000
2174 1693382657539797000
2175 1693382657575674000
2176 1693382657607580000
2177 1693382657639363000
2178 1693382657675937000
2179 1693382657708184000
2180 1693382657739844000
2181 1693382657775583000
2182 1693382657808180000
2183 1693382657839906000
2184 1693382657893227000
2185 1693382657906763000
2186 1693382657941105000
2187 1693382657976212000
2188 1693382658008097000
2189 1693382658040180000
2190 1693382658076032000
2191 1693382658108304000
2192 1693382658140222000
2193 1693382658176353000
2194 1693382658208586000
2195 1693382658240367000
2196 1693382658276231000
2197 1693382658308240000
2198 1693382658340205000
2199 1693382658376026000
2200 1693382658408429000
2201 1693382658439849000
2202 1693382658476166000
2203 1693382658508125000
2204 1693382658540208000
2205 1693382658576370000
2206 1693382658608355000
2207 1693382658640203000
2208 1693382658676424000
2209 1693382658708450000
2210 1693382658740391000
2211 1693382658776255000
2212 1693382658808617000
2213 1693382658840382000
2214 1693382658876903000
2215 1693382658908781000
2216 1693382658940401000
2217 1693382658977023000
2218 1693382659008965000
2219 1693382659040774000
2220 1693382659076882000
2221 1693382659108923000
2222 1693382659140496000
2223 1693382659176291000
2224 1693382659208648000
2225 1693382659240316000
2226 1693382659276359000
2227 1693382659308321000
2228 1693382659340350000
2229 1693382659376735000
2230 1693382659408641000
2231 1693382659440650000
2232 1693382659476737000
2233 1693382659508737000
2234 1693382659540826000
2235 1693382659577300000
2236 1693382659609083000
2237 1693382659640993000
2238 1693382659677139000
2239 1693382659709122000
2240 1693382659740587000
2241 1693382659772886000
2242 1693382659808725000
2243 1693382659840973000
2244 1693382659872953000
2245 1693382659908902000
2246 1693382659941017000
2247 1693382659972902000
2248 1693382660009000000
2249 1693382660040991000
2250 1693382660072761000
2251 1693382660108827000
2252 1693382660140983000
2253 1693382660173121000
2254 1693382660209078000
2255 1693382660241063000
2256 1693382660272993000
2257 1693382660309012000
2258 1693382660340900000
2259 1693382660373275000
2260 1693382660409409000
2261 1693382660441309000
2262 1693382660473151000
2263 1693382660509333000
2264 1693382660541114000
2265 1693382660573535000
2266 1693382660609761000
2267 1693382660641727000
2268 1693382660673489000
2269 1693382660709484000
2270 1693382660741090000
2271 1693382660773056000
2272 1693382660809294000
2273 1693382660841265000
2274 1693382660873275000
2275 1693382660909373000
2276 1693382660941312000
2277 1693382660973415000
2278 1693382661009003000
2279 1693382661041557000
2280 1693382661073733000
2281 1693382661127845000
2282 1693382661141615000
2283 1693382661174852000
2284 1693382661209209000
2285 1693382661241172000
2286 1693382661273067000
2287 1693382661309536000
2288 1693382661341515000
2289 1693382661373773000
2290 1693382661409767000
2291 1693382661441849000
2292 1693382661473817000
2293 1693382661509442000
2294 1693382661541525000
2295 1693382661573419000
2296 1693382661609563000
2297 1693382661641740000
2298 1693382661673685000
2299 1693382661709578000
2300 1693382661741793000
2301 1693382661773734000
2302 1693382661809833000
2303 1693382661841769000
2304 1693382661873709000
2305 1693382661909833000
2306 1693382661942099000
2307 1693382661974397000
2308 1693382662010364000
2309 1693382662042418000
2310 1693382662073907000
2311 1693382662110106000
2312 1693382662141750000
2313 1693382662174321000
2314 1693382662205839000
2315 1693382662242081000
2316 1693382662274072000
2317 1693382662306129000
2318 1693382662341723000
2319 1693382662374072000
2320 1693382662405919000
2321 1693382662441994000
2322 1693382662490900000
2323 1693382662505760000
2324 1693382662543252000
2325 1693382662574606000
2326 1693382662619451000
2327 1693382662642146000
2328 1693382662685363000
2329 1693382662706231000
2330 1693382662742344000
2331 1693382662774233000
2332 1693382662806152000
2333 1693382662842146000
2334 1693382662874151000
2335 1693382662906312000
2336 1693382662942691000
2337 1693382662974593000
2338 1693382663006804000
2339 1693382663042664000
2340 1693382663074921000
2341 1693382663106592000
2342 1693382663142328000
2343 1693382663174480000
2344 1693382663206284000
2345 1693382663242383000
2346 1693382663274766000
2347 1693382663306510000
2348 1693382663342395000
2349 1693382663374691000
2350 1693382663422358000
2351 1693382663443529000
2352 1693382663491113000
2353 1693382663510872000
2354 1693382663543917000
2355 1693382663574599000
2356 1693382663606989000
2357 1693382663642785000
2358 1693382663674781000
2359 1693382663706968000
2360 1693382663743077000
2361 1693382663775337000
2362 1693382663807050000
2363 1693382663843403000
2364 1693382663875379000
2365 1693382663906898000
2366 1693382663942620000
2367 1693382663974790000
2368 1693382664006501000
2369 1693382664042763000
2370 1693382664074977000
2371 1693382664106665000
2372 1693382664143064000
2373 1693382664175247000
2374 1693382664206923000
2375 1693382664243089000
2376 1693382664291970000
2377 1693382664305051000
2378 1693382664344407000
2379 1693382664375199000
2380 1693382664406917000
2381 1693382664443334000
2382 1693382664475352000
2383 1693382664507124000
2384 1693382664543109000
2385 1693382664575128000
2386 1693382664607385000
2387 1693382664639464000
2388 1693382664675977000
2389 1693382664707400000
2390 1693382664739294000
2391 1693382664775027000
2392 1693382664807044000
2393 1693382664839062000
2394 1693382664874954000
2395 1693382664907006000
2396 1693382664939131000
2397 1693382664975434000
2398 1693382665007396000
2399 1693382665039392000
2400 1693382665092270000
2401 1693382665114028000
2402 1693382665139350000
2403 1693382665175478000
2404 1693382665207917000
2405 1693382665239747000
2406 1693382665289617000
2407 1693382665310507000
2408 1693382665341189000
2409 1693382665375829000
2410 1693382665407554000
2411 1693382665439800000
2412 1693382665476058000
2413 1693382665507500000
2414 1693382665539996000
2415 1693382665575344000
2416 1693382665607474000
2417 1693382665639506000
2418 1693382665675507000
2419 1693382665707508000
2420 1693382665739443000
2421 1693382665775779000
2422 1693382665807828000
2423 1693382665839862000
2424 1693382665875911000
2425 1693382665907943000
2426 1693382665939678000
2427 1693382665976028000
2428 1693382666008054000
2429 1693382666057028000
2430 1693382666070384000
2431 1693382666109505000
2432 1693382666140087000
2433 1693382666176131000
2434 1693382666208117000
2435 1693382666239975000
2436 1693382666276116000
2437 1693382666308198000
2438 1693382666340239000
2439 1693382666375781000
2440 1693382666407768000
2441 1693382666439850000
2442 1693382666476236000
2443 1693382666507905000
2444 1693382666540087000
2445 1693382666595428000
2446 1693382666607524000
2447 1693382666641453000
2448 1693382666676656000
2449 1693382666708284000
2450 1693382666740289000
2451 1693382666776723000
2452 1693382666808494000
2453 1693382666840764000
2454 1693382666876890000
2455 1693382666908363000
2456 1693382666940519000
2457 1693382666976990000
2458 1693382667008467000
2459 1693382667040713000
2460 1693382667072567000
2461 1693382667108375000
2462 1693382667140309000
2463 1693382667172370000
2464 1693382667208335000
2465 1693382667240448000
2466 1693382667272606000
2467 1693382667308722000
2468 1693382667340581000
2469 1693382667372660000
2470 1693382667408405000
2471 1693382667440418000
2472 1693382667472809000
2473 1693382667524387000
2474 1693382667548022000
2475 1693382667574119000
2476 1693382667608942000
2477 1693382667640765000
2478 1693382667673157000
2479 1693382667708968000
2480 1693382667741249000
2481 1693382667772947000
2482 1693382667809549000
2483 1693382667840859000
2484 1693382667872876000
2485 1693382667909067000
2486 1693382667940738000
2487 1693382667972863000
2488 1693382668008772000
2489 1693382668040479000
2490 1693382668072607000
2491 1693382668109131000
2492 1693382668140809000
2493 1693382668173042000
2494 1693382668208783000
2495 1693382668241007000
2496 1693382668273254000
2497 1693382668309163000
2498 1693382668340934000
2499 1693382668373248000
2500 1693382668409188000
2501 1693382668441357000
2502 1693382668473253000
2503 1693382668509460000
2504 1693382668541750000
2505 1693382668573496000
2506 1693382668610007000
2507 1693382668641258000
2508 1693382668673869000
2509 1693382668709093000
2510 1693382668740995000
2511 1693382668773304000
2512 1693382668809165000
2513 1693382668841092000
2514 1693382668873274000
2515 1693382668909166000
2516 1693382668941186000
2517 1693382668973268000
2518 1693382669009236000
2519 1693382669041259000
2520 1693382669073229000
2521 1693382669109560000
2522 1693382669141430000
2523 1693382669173685000
2524 1693382669209873000
2525 1693382669241930000
2526 1693382669273922000
2527 1693382669310043000
2528 1693382669341912000
2529 1693382669374294000
2530 1693382669410383000
2531 1693382669454773000
2532 1693382669475312000
2533 1693382669511164000
2534 1693382669541749000
2535 1693382669573629000
2536 1693382669605467000
2537 1693382669641546000
2538 1693382669673618000
2539 1693382669705354000
2540 1693382669741694000
2541 1693382669773578000
2542 1693382669805584000
2543 1693382669841802000
2544 1693382669873797000
2545 1693382669905701000
2546 1693382669942005000
2547 1693382669973767000
2548 1693382670005938000
2549 1693382670041746000
2550 1693382670074186000
2551 1693382670105744000
2552 1693382670142673000
2553 1693382670174142000
2554 1693382670207608000
2555 1693382670242235000
2556 1693382670274254000
2557 1693382670306781000
2558 1693382670341842000
2559 1693382670374046000
2560 1693382670406072000
2561 1693382670441861000
2562 1693382670474079000
2563 1693382670505978000
2564 1693382670542014000
2565 1693382670574101000
2566 1693382670605908000
2567 1693382670642152000
2568 1693382670674413000
2569 1693382670706167000
2570 1693382670742348000
2571 1693382670774549000
2572 1693382670806324000
2573 1693382670842134000
2574 1693382670874933000
2575 1693382670906451000
2576 1693382670942938000
2577 1693382670974915000
2578 1693382671007660000
2579 1693382671044427000
2580 1693382671076545000
2581 1693382671108596000
2582 1693382671142479000
2583 1693382671174776000
2584 1693382671207359000
2585 1693382671242105000
2586 1693382671274428000
2587 1693382671306101000
2588 1693382671342389000
2589 1693382671374472000
2590 1693382671406303000
2591 1693382671443140000
2592 1693382671475898000
2593 1693382671506778000
2594 1693382671547030000
2595 1693382671578820000
2596 1693382671610432000
2597 1693382671647822000
2598 1693382671674803000
2599 1693382671724775000
2600 1693382671747319000
2601 1693382671776509000
2602 1693382671807241000
2603 1693382671843116000
2604 1693382671875131000
2605 1693382671906891000
2606 1693382671942668000
2607 1693382671974825000
2608 1693382672006625000
2609 1693382672038686000
2610 1693382672075044000
2611 1693382672107143000
2612 1693382672139103000
2613 1693382672175041000
2614 1693382672222662000
2615 1693382672243364000
2616 1693382672276392000
2617 1693382672306957000
2618 1693382672339070000
2619 1693382672375613000
2620 1693382672422911000
2621 1693382672444319000
2622 1693382672477653000
2623 1693382672507333000
2624 1693382672553789000
2625 1693382672575497000
2626 1693382672607480000
2627 1693382672639311000
2628 1693382672675299000
2629 1693382672707292000
2630 1693382672739281000
2631 1693382672775389000
2632 1693382672807317000
2633 1693382672839061000
2634 1693382672875139000
2635 1693382672907364000
2636 1693382672939457000
2637 1693382672975407000
2638 1693382673007438000
2639 1693382673039843000
2640 1693382673075854000
2641 1693382673122993000
2642 1693382673143776000
2643 1693382673177235000
2644 1693382673207623000
2645 1693382673239746000
2646 1693382673275702000
2647 1693382673307662000
2648 1693382673339975000
2649 1693382673376231000
2650 1693382673407766000
2651 1693382673439694000
2652 1693382673475659000
2653 1693382673507638000
2654 1693382673539910000
2655 1693382673575597000
2656 1693382673607595000
2657 1693382673639821000
2658 1693382673675534000
2659 1693382673707586000
2660 1693382673739673000
2661 1693382673775795000
2662 1693382673807827000
2663 1693382673839982000
2664 1693382673876084000
2665 1693382673908280000
2666 1693382673940361000
2667 1693382673976259000
2668 1693382674008039000
2669 1693382674040409000
2670 1693382674076415000
2671 1693382674109374000
2672 1693382674140466000
2673 1693382674176766000
2674 1693382674208371000
2675 1693382674240772000
2676 1693382674276162000
2677 1693382674307968000
2678 1693382674340261000
2679 1693382674376031000
2680 1693382674407776000
2681 1693382674440145000
2682 1693382674474148000
2683 1693382674509470000
2684 1693382674539933000
2685 1693382674574197000
2686 1693382674609864000
2687 1693382674640257000
2688 1693382674674062000
2689 1693382674709908000
2690 1693382674740676000
2691 1693382674774152000
2692 1693382674810358000
2693 1693382674840870000
2694 1693382674874205000
2695 1693382674911025000
2696 1693382674940904000
2697 1693382674972636000
2698 1693382675008706000
2699 1693382675040778000
2700 1693382675072611000
2701 1693382675108218000
2702 1693382675140485000
2703 1693382675172410000
2704 1693382675208619000
2705 1693382675240795000
2706 1693382675272219000
2707 1693382675308311000
2708 1693382675340921000
2709 1693382675372621000
2710 1693382675408926000
2711 1693382675440968000
2712 1693382675472951000
2713 1693382675508747000
2714 1693382675541113000
2715 1693382675572947000
2716 1693382675608858000
2717 1693382675640937000
2718 1693382675672926000
2719 1693382675709253000
2720 1693382675741331000
2721 1693382675773108000
2722 1693382675809220000
2723 1693382675841226000
2724 1693382675873267000
2725 1693382675908846000
2726 1693382675940845000
2727 1693382675972875000
2728 1693382676008728000
2729 1693382676040742000
2730 1693382676072732000
2731 1693382676108730000
2732 1693382676140768000
2733 1693382676172813000
2734 1693382676209004000
2735 1693382676241046000
2736 1693382676273275000
2737 1693382676309151000
2738 1693382676341497000
2739 1693382676373102000
2740 1693382676409273000
2741 1693382676441310000
2742 1693382676473564000
2743 1693382676510021000
2744 1693382676541695000
2745 1693382676573549000
2746 1693382676609779000
2747 1693382676641804000
2748 1693382676673490000
2749 1693382676709687000
2750 1693382676741639000
2751 1693382676773225000
2752 1693382676809136000
2753 1693382676841709000
2754 1693382676873176000
2755 1693382676908934000
2756 1693382676941059000
2757 1693382676973020000
2758 1693382677007342000
2759 1693382677042899000
2760 1693382677073748000
2761 1693382677107312000
2762 1693382677143445000
2763 1693382677173581000
2764 1693382677207380000
2765 1693382677243558000
2766 1693382677273663000
2767 1693382677320483000
2768 1693382677341954000
2769 1693382677373576000
2770 1693382677407449000
2771 1693382677443169000
2772 1693382677473784000
2773 1693382677507632000
2774 1693382677543366000
2775 1693382677574486000
2776 1693382677607710000
2777 1693382677643041000
2778 1693382677673774000
2779 1693382677707727000
2780 1693382677743227000
2781 1693382677773577000
2782 1693382677807786000
2783 1693382677843317000
2784 1693382677873950000
2785 1693382677907726000
2786 1693382677943630000
2787 1693382677974030000
2788 1693382678006306000
2789 1693382678042223000
2790 1693382678074447000
2791 1693382678106518000
2792 1693382678143259000
2793 1693382678174300000
2794 1693382678206139000
2795 1693382678242090000
2796 1693382678274199000
2797 1693382678306196000
2798 1693382678341991000
2799 1693382678374049000
2800 1693382678406312000
2801 1693382678441984000
2802 1693382678474329000
2803 1693382678505913000
2804 1693382678542052000
2805 1693382678574640000
2806 1693382678606083000
2807 1693382678642360000
2808 1693382678674911000
2809 1693382678706611000
2810 1693382678743075000
2811 1693382678774960000
2812 1693382678817874000
2813 1693382678842454000
2814 1693382678874835000
2815 1693382678907415000
2816 1693382678943113000
2817 1693382678974673000
2818 1693382679006730000
2819 1693382679042782000
2820 1693382679074802000
2821 1693382679106884000
2822 1693382679142273000
2823 1693382679174950000
2824 1693382679206692000
2825 1693382679242319000
2826 1693382679275046000
2827 1693382679306479000
2828 1693382679342959000
2829 1693382679388351000
2830 1693382679407930000
2831 1693382679440486000
2832 1693382679475212000
2833 1693382679507481000
2834 1693382679540525000
2835 1693382679576685000
2836 1693382679607217000
2837 1693382679640573000
2838 1693382679674896000
2839 1693382679719002000
2840 1693382679740645000
2841 1693382679777862000
2842 1693382679807239000
2843 1693382679840796000
2844 1693382679887926000
2845 1693382679906476000
2846 1693382679940889000
