1 1693382585217989000
2 1693382585239066000
3 1693382585275681000
4 1693382585311975000
5 1693382585343967000
6 1693382585377071000
7 1693382585411935000
8 1693382585443855000
9 1693382585489641000
10 1693382585511242000
11 1693382585543763000
12 1693382585576175000
13 1693382585611336000
14 1693382585643590000
15 1693382585675821000
16 1693382585711652000
17 1693382585743667000
18 1693382585775783000
19 1693382585830441000
20 1693382585840260000
21 1693382585875773000
22 1693382585907802000
23 1693382585961768000
24 1693382585971372000
25 1693382586007880000
26 1693382586057590000
27 1693382586076847000
28 1693382586108383000
29 1693382586144420000
30 1693382586176338000
31 1693382586208428000
32 1693382586244294000
33 1693382586276470000
34 1693382586308381000
35 1693382586344242000
36 1693382586376712000
37 1693382586408590000
38 1693382586443878000
39 1693382586476092000
40 1693382586508032000
41 1693382586544414000
42 1693382586576586000
43 1693382586608843000
44 1693382586644718000
45 1693382586676798000
46 1693382586708794000
47 1693382586762119000
48 1693382586771479000
49 1693382586808622000
50 1693382586845619000
51 1693382586877998000
52 1693382586908392000
53 1693382586944890000
54 1693382586976588000
55 1693382587008577000
56 1693382587044580000
57 1693382587076530000
58 1693382587108509000
59 1693382587144536000
60 1693382587177523000
61 1693382587209237000
62 1693382587245234000
63 1693382587277435000
64 1693382587309572000
65 1693382587345201000
66 1693382587377625000
67 1693382587409980000
68 1693382587444825000
69 1693382587476451000
70 1693382587508484000
71 1693382587545404000
72 1693382587593403000
73 1693382587612237000
74 1693382587651026000
75 1693382587676853000
76 1693382587709059000
77 1693382587745249000
78 1693382587777248000
79 1693382587809253000
80 1693382587845259000
81 1693382587877472000
82 1693382587909282000
83 1693382587944638000
84 1693382587976550000
85 1693382588008623000
86 1693382588044728000
87 1693382588096451000
88 1693382588106174000
89 1693382588143274000
90 1693382588177382000
91 1693382588209583000
92 1693382588245630000
93 1693382588277318000
94 1693382588309018000
95 1693382588345044000
96 1693382588393667000
97 1693382588402991000
98 1693382588451564000
99 1693382588477628000
100 1693382588509961000
101 1693382588546022000
102 1693382588580413000
103 1693382588613136000
104 1693382588647019000
105 1693382588679195000
106 1693382588711412000
107 1693382588745387000
108 1693382588777089000
109 1693382588809168000
110 1693382588845229000
111 1693382588877121000
112 1693382588909192000
113 1693382588941664000
114 1693382588977391000
115 1693382589009301000
116 1693382589041652000
117 1693382589080135000
118 1693382589111567000
119 1693382589143499000
120 1693382589182802000
121 1693382589209968000
122 1693382589241501000
123 1693382589277695000
124 1693382589311166000
125 1693382589343228000
126 1693382589378714000
127 1693382589410910000
128 1693382589442890000
129 1693382589478753000
130 1693382589511089000
131 1693382589542681000
132 1693382589578806000
133 1693382589609694000
134 1693382589641682000
135 1693382589677614000
136 1693382589709678000
137 1693382589742140000
138 1693382589777780000
139 1693382589809586000
140 1693382589858631000
141 1693382589876968000
142 1693382589909766000
143 1693382589941839000
144 1693382589997022000
145 1693382590006757000
146 1693382590040667000
147 1693382590078673000
148 1693382590110688000
149 1693382590142061000
150 1693382590178697000
151 1693382590210691000
152 1693382590242107000
153 1693382590278033000
154 1693382590310006000
155 1693382590342143000
156 1693382590377912000
157 1693382590409928000
158 1693382590441999000
159 1693382590477966000
160 1693382590510309000
161 1693382590542352000
162 1693382590579621000
163 1693382590610883000
164 1693382590642980000
165 1693382590678927000
166 1693382590711090000
167 1693382590742041000
168 1693382590779577000
169 1693382590811213000
170 1693382590860737000
171 1693382590879369000
172 1693382590912912000
173 1693382590943672000
174 1693382590979395000
175 1693382591011904000
176 1693382591042872000
177 1693382591078531000
178 1693382591110359000
179 1693382591142329000
180 1693382591178573000
181 1693382591210548000
182 1693382591242544000
183 1693382591278577000
184 1693382591310627000
185 1693382591342608000
186 1693382591379005000
187 1693382591411003000
188 1693382591442455000
189 1693382591478477000
190 1693382591510793000
191 1693382591559470000
192 1693382591577841000
193 1693382591610817000
194 1693382591659500000
195 1693382591677993000
196 1693382591710898000
197 1693382591742658000
198 1693382591778682000
199 1693382591810782000
200 1693382591843227000
201 1693382591878629000
202 1693382591910673000
203 1693382591942740000
204 1693382591978916000
205 1693382592011144000
206 1693382592043202000
207 1693382592075163000
208 1693382592111219000
209 1693382592143163000
210 1693382592175308000
211 1693382592211341000
212 1693382592243353000
213 1693382592274697000
214 1693382592311489000
215 1693382592343493000
216 1693382592375573000
217 1693382592411887000
218 1693382592443234000
219 1693382592474908000
220 1693382592511745000
221 1693382592543453000
222 1693382592575064000
223 1693382592611094000
224 1693382592643087000
225 1693382592675428000
226 1693382592711347000
227 1693382592743405000
228 1693382592775402000
229 1693382592811362000
230 1693382592843355000
231 1693382592875383000
232 1693382592911719000
233 1693382592943803000
234 1693382592975797000
235 1693382593029634000
236 1693382593038842000
237 1693382593073976000
238 1693382593111959000
239 1693382593160133000
240 1693382593179403000
241 1693382593211492000
242 1693382593243685000
243 1693382593293988000
244 1693382593303608000
245 1693382593342917000
246 1693382593375676000
247 1693382593411597000
248 1693382593443562000
249 1693382593475570000
250 1693382593511767000
251 1693382593543787000
252 1693382593577000000
253 1693382593612383000
254 1693382593644464000
255 1693382593676305000
256 1693382593712534000
257 1693382593744306000
258 1693382593776685000
259 1693382593812616000
260 1693382593844982000
261 1693382593876575000
262 1693382593912376000
263 1693382593945297000
264 1693382593977619000
265 1693382594013610000
266 1693382594045504000
267 1693382594076897000
268 1693382594113014000
269 1693382594145009000
270 1693382594176979000
271 1693382594213413000
272 1693382594245230000
273 1693382594277208000
274 1693382594313055000
275 1693382594344975000
276 1693382594377961000
277 1693382594415661000
278 1693382594445076000
279 1693382594477404000
280 1693382594513372000
281 1693382594545013000
282 1693382594577095000
283 1693382594612976000
284 1693382594644943000
285 1693382594695049000
286 1693382594713503000
287 1693382594744833000
288 1693382594777455000
289 1693382594814524000
290 1693382594845770000
291 1693382594877507000
292 1693382594913354000
293 1693382594945477000
294 1693382594977681000
295 1693382595013809000
296 1693382595045697000
297 1693382595077905000
298 1693382595109447000
299 1693382595145249000
300 1693382595177205000
301 1693382595209114000
302 1693382595245408000
303 1693382595277346000
304 1693382595309426000
305 1693382595345348000
306 1693382595377640000
307 1693382595409592000
308 1693382595445562000
309 1693382595477346000
310 1693382595508580000
311 1693382595545594000
312 1693382595578106000
313 1693382595610146000
314 1693382595646221000
315 1693382595678101000
316 1693382595710235000
317 1693382595745855000
318 1693382595778118000
319 1693382595809828000
320 1693382595846490000
321 1693382595878113000
322 1693382595909888000
323 1693382595944512000
324 1693382595977633000
325 1693382596008665000
326 1693382596044819000
327 1693382596095540000
328 1693382596104879000
329 1693382596145753000
330 1693382596178113000
331 1693382596210208000
332 1693382596246357000
333 1693382596277752000
334 1693382596308905000
335 1693382596345931000
336 1693382596396087000
337 1693382596404223000
338 1693382596445371000
339 1693382596477015000
340 1693382596509180000
341 1693382596548438000
342 1693382596581134000
343 1693382596612331000
344 1693382596646575000
345 1693382596678534000
346 1693382596711493000
347 1693382596745155000
348 1693382596777173000
349 1693382596809456000
350 1693382596845118000
351 1693382596877193000
352 1693382596909428000
353 1693382596945463000
354 1693382596977482000
355 1693382597010229000
356 1693382597047222000
357 1693382597079741000
358 1693382597124409000
359 1693382597151044000
360 1693382597182744000
361 1693382597214961000
362 1693382597250318000
363 1693382597282357000
364 1693382597315521000
365 1693382597349440000
366 1693382597381217000
367 1693382597413113000
368 1693382597446623000
369 1693382597479050000
370 1693382597510845000
371 1693382597545619000
372 1693382597577590000
373 1693382597609934000
374 1693382597645583000
375 1693382597677570000
376 1693382597710557000
377 1693382597747267000
378 1693382597796809000
379 1693382597805221000
380 1693382597845360000
381 1693382597892997000
382 1693382597901437000
383 1693382597945082000
384 1693382597978662000
385 1693382598010340000
386 1693382598046355000
387 1693382598079660000
388 1693382598111299000
389 1693382598143103000
390 1693382598179674000
391 1693382598211354000
392 1693382598243379000
393 1693382598279435000
394 1693382598310937000
395 1693382598343269000
396 1693382598378010000
397 1693382598410123000
398 1693382598442023000
399 1693382598478078000
400 1693382598510056000
401 1693382598542312000
402 1693382598579092000
403 1693382598610677000
404 1693382598643182000
405 1693382598681330000
406 1693382598714037000
407 1693382598756484000
408 1693382598778969000
409 1693382598810295000
410 1693382598842713000
411 1693382598879098000
412 1693382598911365000
413 1693382598943281000
414 1693382598979277000
415 1693382599011013000
416 1693382599043222000
417 1693382599079469000
418 1693382599110820000
419 1693382599142757000
420 1693382599178520000
421 1693382599210569000
422 1693382599242364000
423 1693382599278623000
424 1693382599310618000
425 1693382599342547000
426 1693382599378792000
427 1693382599410888000
428 1693382599442879000
429 1693382599479292000
430 1693382599510835000
431 1693382599542980000
432 1693382599579021000
433 1693382599611392000
434 1693382599642806000
435 1693382599679641000
436 1693382599712189000
437 1693382599743520000
438 1693382599780849000
439 1693382599812060000
440 1693382599843606000
441 1693382599880347000
442 1693382599911879000
443 1693382599943311000
444 1693382599979747000
445 1693382600012107000
446 1693382600043089000
447 1693382600079767000
448 1693382600112070000
449 1693382600156508000
450 1693382600179757000
451 1693382600211713000
452 1693382600242668000
453 1693382600280378000
454 1693382600311236000
455 1693382600343393000
456 1693382600380323000
457 1693382600411943000
458 1693382600443250000
459 1693382600480618000
460 1693382600512107000
461 1693382600543675000
462 1693382600579664000
463 1693382600611734000
464 1693382600643627000
465 1693382600666828000
466 1693382600709656000
467 1693382600743204000
468 1693382600766885000
469 1693382600809604000
470 1693382600843185000
471 1693382600866925000
472 1693382600909963000
473 1693382600943483000
474 1693382600967036000
475 1693382601009997000
476 1693382601043561000
477 1693382601067029000
478 1693382601126509000
479 1693382601136647000
480 1693382601167086000
481 1693382601210141000
482 1693382601259938000
483 1693382601269284000
484 1693382601311817000
485 1693382601343670000
486 1693382601376742000
487 1693382601412466000
488 1693382601444221000
489 1693382601475686000
490 1693382601511670000
491 1693382601543455000
492 1693382601575618000
493 1693382601611885000
494 1693382601643861000
495 1693382601675890000
496 1693382601711696000
497 1693382601743720000
498 1693382601775678000
499 1693382601811740000
500 1693382601844128000
501 1693382601876142000
502 1693382601913287000
503 1693382601944149000
504 1693382601976239000
505 1693382602012348000
506 1693382602044200000
507 1693382602076554000
508 1693382602112832000
509 1693382602144325000
510 1693382602176782000
511 1693382602212837000
512 1693382602244436000
513 1693382602276073000
514 1693382602312209000
515 1693382602343911000
516 1693382602375813000
517 1693382602411811000
518 1693382602443903000
519 1693382602475961000
520 1693382602512000000
521 1693382602543969000
522 1693382602576415000
523 1693382602612006000
524 1693382602644080000
525 1693382602676403000
526 1693382602712551000
527 1693382602744858000
528 1693382602776600000
529 1693382602812885000
530 1693382602844840000
531 1693382602876589000
532 1693382602913149000
533 1693382602944797000
534 1693382602977153000
535 1693382603013132000
536 1693382603044464000
537 1693382603076800000
538 1693382603100229000
539 1693382603142646000
540 1693382603176378000
541 1693382603200222000
542 1693382603242828000
543 1693382603276321000
544 1693382603300275000
545 1693382603358544000
546 1693382603368434000
547 1693382603400326000
548 1693382603442919000
549 1693382603476592000
550 1693382603500350000
551 1693382603543070000
552 1693382603576860000
553 1693382603600435000
554 1693382603658519000
555 1693382603677855000
556 1693382603700403000
557 1693382603743603000
558 1693382603777961000
559 1693382603800464000
560 1693382603843270000
561 1693382603876800000
562 1693382603900484000
563 1693382603943064000
564 1693382603976633000
565 1693382604000531000
566 1693382604043181000
567 1693382604076615000
568 1693382604100613000
569 1693382604143261000
570 1693382604177048000
571 1693382604200682000
572 1693382604243545000
573 1693382604277087000
574 1693382604309221000
575 1693382604345237000
576 1693382604377251000
577 1693382604409666000
578 1693382604445634000
579 1693382604477681000
580 1693382604509728000
581 1693382604546082000
582 1693382604578218000
583 1693382604609851000
584 1693382604645455000
585 1693382604677421000
586 1693382604709202000
587 1693382604745264000
588 1693382604777335000
589 1693382604809401000
590 1693382604845339000
591 1693382604877340000
592 1693382604909394000
593 1693382604945431000
594 1693382604977670000
595 1693382605009245000
596 1693382605045276000
597 1693382605077309000
598 1693382605109555000
599 1693382605146089000
600 1693382605178281000
601 1693382605209697000
602 1693382605246820000
603 1693382605277589000
604 1693382605309872000
605 1693382605346378000
606 1693382605377747000
607 1693382605409716000
608 1693382605446110000
609 1693382605477642000
610 1693382605509729000
611 1693382605533328000
612 1693382605576227000
613 1693382605610060000
614 1693382605633443000
615 1693382605676220000
616 1693382605709960000
617 1693382605733472000
618 1693382605775884000
619 1693382605809441000
620 1693382605833570000
621 1693382605876057000
622 1693382605910125000
623 1693382605933620000
624 1693382605976348000
625 1693382606009703000
626 1693382606033527000
627 1693382606076244000
628 1693382606109858000
629 1693382606133572000
630 1693382606176462000
631 1693382606209950000
632 1693382606233676000
633 1693382606276732000
634 1693382606310451000
635 1693382606333735000
636 1693382606376696000
637 1693382606409957000
638 1693382606433911000
639 1693382606476809000
640 1693382606510247000
641 1693382606533770000
642 1693382606577726000
643 1693382606610400000
644 1693382606633935000
645 1693382606676928000
646 1693382606710376000
647 1693382606733926000
648 1693382606773337000
649 1693382606810527000
650 1693382606833978000
651 1693382606877097000
652 1693382606910846000
653 1693382606934018000
654 1693382606988317000
655 1693382607010741000
656 1693382607034061000
657 1693382607076846000
658 1693382607110697000
659 1693382607134142000
660 1693382607193759000
661 1693382607204088000
662 1693382607234263000
663 1693382607276832000
664 1693382607310369000
665 1693382607342369000
666 1693382607378425000
667 1693382607410741000
668 1693382607442769000
669 1693382607478846000
670 1693382607510411000
671 1693382607543215000
672 1693382607578903000
673 1693382607611244000
674 1693382607643231000
675 1693382607679156000
676 1693382607711157000
677 1693382607743467000
678 1693382607778830000
679 1693382607810848000
680 1693382607842910000
681 1693382607891576000
682 1693382607910776000
683 1693382607943437000
684 1693382607978786000
685 1693382608010671000
686 1693382608042642000
687 1693382608066567000
688 1693382608109156000
689 1693382608161658000
690 1693382608171157000
691 1693382608209533000
692 1693382608243171000
693 1693382608266659000
694 1693382608309674000
695 1693382608361751000
696 1693382608371397000
697 1693382608409651000
698 1693382608444057000
699 1693382608466716000
700 1693382608510216000
701 1693382608543847000
702 1693382608566772000
703 1693382608609887000
704 1693382608643155000
705 1693382608666832000
706 1693382608709357000
707 1693382608743139000
708 1693382608767009000
709 1693382608809581000
710 1693382608843101000
711 1693382608867005000
712 1693382608909590000
713 1693382608943821000
714 1693382608966990000
715 1693382609009680000
716 1693382609043252000
717 1693382609067081000
718 1693382609109846000
719 1693382609144005000
720 1693382609167063000
721 1693382609209917000
722 1693382609244224000
723 1693382609267149000
724 1693382609310778000
725 1693382609344573000
726 1693382609367225000
727 1693382609410379000
728 1693382609443909000
729 1693382609467281000
730 1693382609510212000
731 1693382609543471000
732 1693382609567918000
733 1693382609609801000
734 1693382609643525000
735 1693382609667481000
736 1693382609710709000
737 1693382609744657000
738 1693382609767502000
739 1693382609810336000
740 1693382609843929000
741 1693382609867405000
742 1693382609910795000
743 1693382609944758000
744 1693382609967498000
745 1693382610010219000
746 1693382610044466000
747 1693382610067590000
748 1693382610110792000
749 1693382610144840000
750 1693382610167573000
751 1693382610210494000
752 1693382610243942000
753 1693382610267739000
754 1693382610310238000
755 1693382610343975000
756 1693382610367837000
757 1693382610410414000
758 1693382610443933000
759 1693382610475965000
760 1693382610499862000
761 1693382610542695000
762 1693382610576748000
763 1693382610600064000
764 1693382610643168000
765 1693382610692661000
766 1693382610702291000
767 1693382610744419000
768 1693382610776933000
769 1693382610800281000
770 1693382610842572000
771 1693382610876642000
772 1693382610899957000
773 1693382610943999000
774 1693382610977385000
775 1693382610999946000
776 1693382611042924000
777 1693382611076473000
778 1693382611100121000
779 1693382611142655000
780 1693382611176318000
781 1693382611200194000
782 1693382611242817000
783 1693382611276990000
784 1693382611300565000
785 1693382611343135000
786 1693382611376844000
787 1693382611400583000
788 1693382611443249000
789 1693382611476757000
790 1693382611500362000
791 1693382611543643000
792 1693382611577336000
793 1693382611600439000
794 1693382611657013000
795 1693382611675987000
796 1693382611700378000
797 1693382611743372000
798 1693382611777528000
799 1693382611800392000
800 1693382611843406000
801 1693382611876874000
802 1693382611900471000
803 1693382611943137000
804 1693382611976681000
805 1693382612000577000
806 1693382612058433000
807 1693382612069285000
808 1693382612100899000
809 1693382612155640000
810 1693382612177023000
811 1693382612200616000
812 1693382612243255000
813 1693382612276631000
814 1693382612300745000
815 1693382612343825000
816 1693382612377391000
817 1693382612401252000
818 1693382612444128000
819 1693382612477617000
820 1693382612500694000
821 1693382612545164000
822 1693382612578049000
823 1693382612600831000
824 1693382612643705000
825 1693382612677362000
826 1693382612700871000
827 1693382612743661000
828 1693382612777136000
829 1693382612801407000
830 1693382612843594000
831 1693382612877120000
832 1693382612901250000
833 1693382612932984000
834 1693382612976305000
835 1693382613001134000
836 1693382613033069000
837 1693382613075686000
838 1693382613101235000
839 1693382613133081000
840 1693382613176193000
841 1693382613201086000
842 1693382613233110000
843 1693382613286143000
844 1693382613301179000
845 1693382613333149000
846 1693382613376472000
847 1693382613401235000
848 1693382613433224000
849 1693382613476223000
850 1693382613509827000
851 1693382613533270000
852 1693382613575921000
853 1693382613609579000
854 1693382613633410000
855 1693382613676126000
856 1693382613709716000
857 1693382613733436000
858 1693382613776401000
859 1693382613809797000
860 1693382613833455000
861 1693382613876690000
862 1693382613909865000
863 1693382613933501000
864 1693382613976659000
865 1693382614009871000
866 1693382614033562000
867 1693382614094725000
868 1693382614105365000
869 1693382614133536000
870 1693382614177709000
871 1693382614210960000
872 1693382614233628000
873 1693382614276883000
874 1693382614310251000
875 1693382614333657000
876 1693382614376516000
877 1693382614409985000
878 1693382614433894000
879 1693382614476827000
880 1693382614510483000
881 1693382614533782000
882 1693382614576853000
883 1693382614610586000
884 1693382614633828000
885 1693382614677259000
886 1693382614710678000
887 1693382614733907000
888 1693382614777092000
889 1693382614810325000
890 1693382614833917000
891 1693382614878639000
892 1693382614911580000
893 1693382614933972000
894 1693382614977246000
895 1693382615010635000
896 1693382615034026000
897 1693382615077053000
898 1693382615110719000
899 1693382615134115000
900 1693382615176889000
901 1693382615210549000
902 1693382615234098000
903 1693382615276906000
904 1693382615310596000
905 1693382615334202000
906 1693382615366201000
907 1693382615409549000
908 1693382615434248000
909 1693382615466250000
910 1693382615509197000
911 1693382615534237000
912 1693382615566325000
913 1693382615624611000
914 1693382615634309000
915 1693382615666433000
916 1693382615709473000
917 1693382615734454000
918 1693382615772042000
919 1693382615810969000
920 1693382615834456000
921 1693382615866493000
922 1693382615909437000
923 1693382615934558000
924 1693382615966498000
925 1693382616009246000
926 1693382616034534000
927 1693382616066543000
928 1693382616109712000
929 1693382616134604000
930 1693382616166597000
931 1693382616209544000
932 1693382616234673000
933 1693382616266661000
934 1693382616309455000
935 1693382616334689000
936 1693382616366781000
937 1693382616409855000
938 1693382616434735000
939 1693382616466768000
940 1693382616510022000
941 1693382616534772000
942 1693382616566818000
943 1693382616609711000
944 1693382616643277000
945 1693382616666896000
946 1693382616709566000
947 1693382616743246000
948 1693382616766915000
949 1693382616809833000
950 1693382616843376000
951 1693382616866953000
952 1693382616909594000
953 1693382616943399000
954 1693382616967006000
955 1693382617009954000
956 1693382617044510000
957 1693382617067077000
958 1693382617109729000
959 1693382617143608000
960 1693382617167150000
961 1693382617210409000
962 1693382617244126000
963 1693382617267171000
964 1693382617311210000
965 1693382617344632000
966 1693382617367263000
967 1693382617405318000
968 1693382617443722000
969 1693382617467214000
970 1693382617510077000
971 1693382617543463000
972 1693382617567262000
973 1693382617610069000
974 1693382617644335000
975 1693382617667391000
976 1693382617710767000
977 1693382617744616000
978 1693382617767357000
979 1693382617810736000
980 1693382617844716000
981 1693382617867411000
982 1693382617899601000
983 1693382617943320000
984 1693382617967477000
985 1693382617999712000
986 1693382618036223000
987 1693382618067580000
988 1693382618099595000
989 1693382618142715000
990 1693382618167606000
991 1693382618199614000
992 1693382618242974000
993 1693382618267659000
994 1693382618299788000
995 1693382618342668000
996 1693382618367730000
997 1693382618399796000
998 1693382618442405000
999 1693382618467774000
1000 1693382618499845000
1001 1693382618543087000
1002 1693382618567807000
1003 1693382618599917000
1004 1693382618642878000
1005 1693382618667861000
1006 1693382618699970000
1007 1693382618742798000
1008 1693382618767876000
1009 1693382618800109000
1010 1693382618840043000
1011 1693382618867979000
1012 1693382618899997000
1013 1693382618944113000
1014 1693382618967963000
1015 1693382619000056000
1016 1693382619043610000
1017 1693382619068018000
1018 1693382619100218000
1019 1693382619142701000
1020 1693382619168070000
1021 1693382619200193000
1022 1693382619243067000
1023 1693382619268224000
1024 1693382619300244000
1025 1693382619343462000
1026 1693382619368160000
1027 1693382619400333000
1028 1693382619444197000
1029 1693382619468243000
1030 1693382619500475000
1031 1693382619543763000
1032 1693382619568301000
1033 1693382619600361000
1034 1693382619648305000
1035 1693382619682527000
1036 1693382619700336000
1037 1693382619746027000
1038 1693382619777401000
1039 1693382619800445000
1040 1693382619843720000
1041 1693382619877075000
1042 1693382619900501000
1043 1693382619943108000
1044 1693382619976667000
1045 1693382620000635000
1046 1693382620043468000
1047 1693382620077258000
1048 1693382620100641000
1049 1693382620143965000
1050 1693382620178338000
1051 1693382620200718000
1052 1693382620243939000
1053 1693382620277462000
1054 1693382620300779000
1055 1693382620332789000
1056 1693382620376020000
1057 1693382620400870000
1058 1693382620432740000
1059 1693382620475908000
1060 1693382620500752000
1061 1693382620532774000
1062 1693382620579380000
1063 1693382620600795000
1064 1693382620632778000
1065 1693382620677533000
1066 1693382620700851000
1067 1693382620732923000
1068 1693382620775894000
1069 1693382620801111000
1070 1693382620832970000
1071 1693382620875688000
1072 1693382620901086000
1073 1693382620933127000
1074 1693382620975956000
1075 1693382621001147000
1076 1693382621033154000
1077 1693382621076013000
1078 1693382621101168000
1079 1693382621133187000
1080 1693382621192050000
1081 1693382621201963000
1082 1693382621233222000
1083 1693382621276348000
1084 1693382621301198000
1085 1693382621333212000
1086 1693382621376481000
1087 1693382621401246000
1088 1693382621433217000
1089 1693382621476335000
1090 1693382621501320000
1091 1693382621533317000
1092 1693382621575991000
1093 1693382621601414000
1094 1693382621633482000
1095 1693382621676566000
1096 1693382621701449000
1097 1693382621733520000
1098 1693382621776551000
1099 1693382621801529000
1100 1693382621833559000
1101 1693382621876818000
1102 1693382621901574000
1103 1693382621933679000
1104 1693382621976643000
1105 1693382622001644000
1106 1693382622041517000
1107 1693382622078159000
1108 1693382622101596000
1109 1693382622133614000
1110 1693382622176922000
1111 1693382622201642000
1112 1693382622233648000
1113 1693382622276622000
1114 1693382622301716000
1115 1693382622333711000
1116 1693382622377367000
1117 1693382622401829000
1118 1693382622433871000
1119 1693382622476504000
1120 1693382622501844000
1121 1693382622533891000
1122 1693382622577602000
1123 1693382622601984000
1124 1693382622633950000
1125 1693382622677981000
1126 1693382622710520000
1127 1693382622733994000
1128 1693382622765939000
1129 1693382622809347000
1130 1693382622833913000
1131 1693382622865919000
1132 1693382622909431000
1133 1693382622933949000
1134 1693382622965966000
1135 1693382623010009000
1136 1693382623033990000
1137 1693382623066004000
1138 1693382623108850000
1139 1693382623134107000
1140 1693382623166158000
1141 1693382623209071000
1142 1693382623234248000
1143 1693382623266186000
1144 1693382623309308000
1145 1693382623334393000
1146 1693382623366191000
1147 1693382623409741000
1148 1693382623434437000
1149 1693382623466280000
1150 1693382623509324000
1151 1693382623534421000
1152 1693382623566330000
1153 1693382623626773000
1154 1693382623637529000
1155 1693382623666351000
1156 1693382623710093000
1157 1693382623734367000
1158 1693382623766382000
1159 1693382623809768000
1160 1693382623834423000
1161 1693382623866424000
1162 1693382623909247000
1163 1693382623934620000
1164 1693382623966476000
1165 1693382624009340000
1166 1693382624034647000
1167 1693382624066613000
1168 1693382624109535000
1169 1693382624134700000
1170 1693382624166537000
1171 1693382624209740000
1172 1693382624234756000
1173 1693382624266706000
1174 1693382624309729000
1175 1693382624334798000
1176 1693382624366708000
1177 1693382624410010000
1178 1693382624434703000
1179 1693382624466741000
1180 1693382624510031000
1181 1693382624534756000
1182 1693382624566787000
1183 1693382624609894000
1184 1693382624634787000
1185 1693382624666825000
1186 1693382624709753000
1187 1693382624734943000
1188 1693382624766872000
1189 1693382624809808000
1190 1693382624835017000
1191 1693382624866992000
1192 1693382624909816000
1193 1693382624935081000
1194 1693382624967044000
1195 1693382625010538000
1196 1693382625035145000
1197 1693382625067021000
1198 1693382625110152000
1199 1693382625135192000
1200 1693382625167059000
1201 1693382625210728000
1202 1693382625235090000
1203 1693382625267111000
1204 1693382625299124000
1205 1693382625335192000
1206 1693382625367168000
1207 1693382625399201000
1208 1693382625435243000
1209 1693382625467216000
1210 1693382625499246000
1211 1693382625535379000
1212 1693382625567224000
1213 1693382625599431000
1214 1693382625635454000
1215 1693382625667273000
1216 1693382625699481000
1217 1693382625735463000
1218 1693382625767409000
1219 1693382625799498000
1220 1693382625842628000
1221 1693382625867477000
1222 1693382625907836000
1223 1693382625944082000
1224 1693382625967524000
1225 1693382625999624000
1226 1693382626042557000
1227 1693382626067478000
1228 1693382626099566000
1229 1693382626143130000
1230 1693382626167535000
1231 1693382626199615000
1232 1693382626242892000
1233 1693382626267583000
1234 1693382626299659000
1235 1693382626342893000
1236 1693382626367723000
1237 1693382626399840000
1238 1693382626442697000
1239 1693382626467863000
1240 1693382626499830000
1241 1693382626543692000
1242 1693382626567835000
1243 1693382626599900000
1244 1693382626643819000
1245 1693382626667863000
1246 1693382626699967000
1247 1693382626759711000
1248 1693382626770159000
1249 1693382626800035000
1250 1693382626843037000
1251 1693382626867951000
1252 1693382626899985000
1253 1693382626943366000
1254 1693382626967989000
1255 1693382627000041000
1256 1693382627043347000
1257 1693382627068124000
1258 1693382627100111000
1259 1693382627143228000
1260 1693382627168132000
1261 1693382627200230000
1262 1693382627243067000
1263 1693382627268276000
1264 1693382627300264000
1265 1693382627343721000
1266 1693382627368316000
1267 1693382627400316000
1268 1693382627443509000
1269 1693382627468323000
1270 1693382627500382000
1271 1693382627544463000
1272 1693382627568352000
1273 1693382627600457000
1274 1693382627637296000
1275 1693382627668363000
1276 1693382627700388000
1277 1693382627732387000
1278 1693382627768415000
1279 1693382627800450000
1280 1693382627832436000
1281 1693382627868408000
1282 1693382627900476000
1283 1693382627932490000
1284 1693382627968534000
1285 1693382628000565000
1286 1693382628032578000
1287 1693382628068530000
1288 1693382628100612000
1289 1693382628132599000
1290 1693382628168662000
1291 1693382628210737000
1292 1693382628232733000
1293 1693382628268640000
1294 1693382628300808000
1295 1693382628332822000
1296 1693382628368634000
1297 1693382628400872000
1298 1693382628437784000
1299 1693382628468747000
1300 1693382628500784000
1301 1693382628532760000
1302 1693382628568837000
1303 1693382628600845000
1304 1693382628632800000
1305 1693382628668820000
1306 1693382628700874000
1307 1693382628732884000
1308 1693382628768855000
1309 1693382628800907000
1310 1693382628833041000
1311 1693382628876854000
1312 1693382628901075000
1313 1693382628933094000
1314 1693382628976157000
1315 1693382629001015000
1316 1693382629033110000
1317 1693382629076421000
1318 1693382629101157000
1319 1693382629133245000
1320 1693382629176251000
1321 1693382629201149000
1322 1693382629233174000
1323 1693382629276664000
1324 1693382629301208000
1325 1693382629333210000
1326 1693382629376468000
1327 1693382629401249000
1328 1693382629433304000
1329 1693382629476418000
1330 1693382629501278000
1331 1693382629533406000
1332 1693382629576490000
1333 1693382629601432000
1334 1693382629633453000
1335 1693382629676633000
1336 1693382629701580000
1337 1693382629733482000
1338 1693382629776394000
1339 1693382629801515000
1340 1693382629843598000
1341 1693382629877766000
1342 1693382629901587000
1343 1693382629933548000
1344 1693382629976523000
1345 1693382630001516000
1346 1693382630033535000
1347 1693382630076666000
1348 1693382630101557000
1349 1693382630133577000
1350 1693382630165592000
1351 1693382630201635000
1352 1693382630233634000
1353 1693382630265607000
1354 1693382630301680000
1355 1693382630333700000
1356 1693382630365715000
1357 1693382630401857000
1358 1693382630433905000
1359 1693382630465775000
1360 1693382630501907000
1361 1693382630533915000
1362 1693382630565919000
1363 1693382630601922000
1364 1693382630633977000
1365 1693382630666045000
1366 1693382630701994000
1367 1693382630734029000
1368 1693382630765996000
1369 1693382630801916000
1370 1693382630833959000
1371 1693382630865963000
1372 1693382630901959000
1373 1693382630933976000
1374 1693382630965997000
1375 1693382631002041000
1376 1693382631034042000
1377 1693382631066051000
1378 1693382631102125000
1379 1693382631134106000
1380 1693382631166144000
1381 1693382631202238000
1382 1693382631234235000
1383 1693382631266270000
1384 1693382631302306000
1385 1693382631334379000
1386 1693382631366321000
1387 1693382631402347000
1388 1693382631434353000
1389 1693382631466420000
1390 1693382631503950000
1391 1693382631534349000
1392 1693382631566369000
1393 1693382631602316000
1394 1693382631634334000
1395 1693382631666348000
1396 1693382631702371000
1397 1693382631734392000
1398 1693382631766416000
1399 1693382631802404000
1400 1693382631834423000
1401 1693382631866472000
1402 1693382631909303000
1403 1693382631934497000
1404 1693382631966608000
1405 1693382632009340000
1406 1693382632034676000
1407 1693382632066646000
1408 1693382632109354000
1409 1693382632134778000
1410 1693382632166782000
1411 1693382632209758000
1412 1693382632234832000
1413 1693382632266652000
1414 1693382632310031000
1415 1693382632334861000
1416 1693382632375402000
1417 1693382632411546000
1418 1693382632434693000
1419 1693382632466730000
1420 1693382632509711000
1421 1693382632534764000
1422 1693382632566788000
1423 1693382632598803000
1424 1693382632634792000
1425 1693382632666816000
1426 1693382632698879000
1427 1693382632734984000
1428 1693382632766904000
1429 1693382632799049000
1430 1693382632835073000
1431 1693382632867057000
1432 1693382632899145000
1433 1693382632935103000
1434 1693382632967102000
1435 1693382632999115000
1436 1693382633035230000
1437 1693382633074116000
1438 1693382633099208000
1439 1693382633135226000
1440 1693382633167117000
1441 1693382633199274000
1442 1693382633235121000
1443 1693382633267167000
1444 1693382633299154000
1445 1693382633335269000
1446 1693382633367265000
1447 1693382633399220000
1448 1693382633435254000
1449 1693382633467408000
1450 1693382633499342000
1451 1693382633535403000
1452 1693382633567417000
1453 1693382633599358000
1454 1693382633635476000
1455 1693382633667467000
1456 1693382633699488000
1457 1693382633735499000
1458 1693382633767404000
1459 1693382633805281000
1460 1693382633835556000
1461 1693382633867572000
1462 1693382633899589000
1463 1693382633935683000
1464 1693382633974708000
1465 1693382633999600000
1466 1693382634035533000
1467 1693382634067559000
1468 1693382634105428000
1469 1693382634135592000
1470 1693382634167610000
1471 1693382634199628000
1472 1693382634235615000
1473 1693382634267631000
1474 1693382634299805000
1475 1693382634335879000
1476 1693382634367816000
1477 1693382634399825000
1478 1693382634435878000
1479 1693382634467951000
1480 1693382634499881000
1481 1693382634535896000
1482 1693382634567953000
1483 1693382634605749000
1484 1693382634635977000
1485 1693382634667963000
1486 1693382634699948000
1487 1693382634736081000
1488 1693382634768009000
1489 1693382634800089000
1490 1693382634835957000
1491 1693382634867954000
1492 1693382634899968000
1493 1693382634935986000
1494 1693382634968001000
1495 1693382635000063000
1496 1693382635043377000
1497 1693382635068057000
1498 1693382635100112000
1499 1693382635132161000
1500 1693382635168233000
1501 1693382635200238000
1502 1693382635232272000
1503 1693382635268259000
1504 1693382635300278000
1505 1693382635332293000
1506 1693382635368341000
1507 1693382635400389000
1508 1693382635432347000
1509 1693382635468354000
1510 1693382635500461000
1511 1693382635532369000
1512 1693382635568374000
1513 1693382635600469000
1514 1693382635632446000
1515 1693382635668383000
1516 1693382635700429000
1517 1693382635732421000
1518 1693382635768438000
1519 1693382635800456000
1520 1693382635832437000
1521 1693382635868506000
1522 1693382635900482000
1523 1693382635932538000
1524 1693382635968572000
1525 1693382636000573000
1526 1693382636032553000
1527 1693382636068598000
1528 1693382636100655000
1529 1693382636132691000
1530 1693382636168695000
1531 1693382636200729000
1532 1693382636232810000
1533 1693382636268804000
1534 1693382636300814000
1535 1693382636332711000
1536 1693382636368695000
1537 1693382636400846000
1538 1693382636432740000
1539 1693382636468728000
1540 1693382636500691000
1541 1693382636532768000
1542 1693382636568807000
1543 1693382636600811000
1544 1693382636632767000
1545 1693382636668857000
1546 1693382636700876000
1547 1693382636732921000
1548 1693382636768947000
1549 1693382636801017000
1550 1693382636833172000
1551 1693382636869069000
1552 1693382636901100000
1553 1693382636933128000
1554 1693382636969112000
1555 1693382637001156000
1556 1693382637033184000
1557 1693382637069174000
1558 1693382637101183000
1559 1693382637137225000
1560 1693382637169139000
1561 1693382637201225000
1562 1693382637233168000
1563 1693382637269222000
1564 1693382637301201000
1565 1693382637333211000
1566 1693382637369192000
1567 1693382637401219000
1568 1693382637433234000
1569 1693382637469253000
1570 1693382637501284000
1571 1693382637533298000
1572 1693382637565315000
1573 1693382637601459000
1574 1693382637633514000
1575 1693382637665465000
1576 1693382637701482000
1577 1693382637733499000
1578 1693382637765411000
1579 1693382637801509000
1580 1693382637833613000
1581 1693382637865565000
1582 1693382637901545000
1583 1693382637933665000
1584 1693382637965636000
1585 1693382638001533000
1586 1693382638033535000
1587 1693382638065559000
1588 1693382638101576000
1589 1693382638133615000
1590 1693382638165596000
1591 1693382638201629000
1592 1693382638233648000
1593 1693382638265645000
1594 1693382638301681000
1595 1693382638333700000
1596 1693382638365718000
1597 1693382638401860000
1598 1693382638433857000
1599 1693382638465877000
1600 1693382638501886000
1601 1693382638533907000
1602 1693382638565921000
1603 1693382638602002000
1604 1693382638634012000
1605 1693382638666036000
1606 1693382638701975000
1607 1693382638741469000
1608 1693382638766029000
1609 1693382638801923000
1610 1693382638833938000
1611 1693382638865976000
1612 1693382638901977000
1613 1693382638933988000
1614 1693382638966000000
1615 1693382639002014000
1616 1693382639034040000
1617 1693382639066049000
1618 1693382639102083000
1619 1693382639134097000
1620 1693382639166151000
1621 1693382639202233000
1622 1693382639234232000
1623 1693382639266260000
1624 1693382639302355000
1625 1693382639334231000
1626 1693382639369045000
1627 1693382639402359000
1628 1693382639434374000
1629 1693382639466382000
1630 1693382639502374000
1631 1693382639542103000
1632 1693382639566430000
1633 1693382639602329000
1634 1693382639634336000
1635 1693382639666321000
1636 1693382639702408000
1637 1693382639734330000
1638 1693382639766357000
1639 1693382639802336000
1640 1693382639834425000
1641 1693382639866461000
1642 1693382639902438000
1643 1693382639934502000
1644 1693382639966480000
1645 1693382639998495000
1646 1693382640034658000
1647 1693382640066634000
1648 1693382640098611000
1649 1693382640134683000
1650 1693382640166566000
1651 1693382640198880000
1652 1693382640234743000
1653 1693382640266645000
1654 1693382640298933000
1655 1693382640334791000
1656 1693382640366881000
1657 1693382640398822000
1658 1693382640434693000
1659 1693382640466780000
1660 1693382640498782000
1661 1693382640534799000
1662 1693382640566857000
1663 1693382640598823000
1664 1693382640634825000
1665 1693382640666837000
1666 1693382640698859000
1667 1693382640734960000
1668 1693382640766917000
1669 1693382640798940000
1670 1693382640835045000
1671 1693382640866906000
1672 1693382640899034000
1673 1693382640935067000
1674 1693382640967102000
1675 1693382640999083000
1676 1693382641035170000
1677 1693382641067108000
1678 1693382641099179000
1679 1693382641135222000
1680 1693382641167213000
1681 1693382641199232000
1682 1693382641235208000
1683 1693382641269233000
1684 1693382641299144000
1685 1693382641335203000
1686 1693382641367172000
1687 1693382641399206000
1688 1693382641435238000
1689 1693382641467212000
1690 1693382641499246000
1691 1693382641535297000
1692 1693382641567266000
1693 1693382641599434000
1694 1693382641635471000
1695 1693382641667439000
1696 1693382641699512000
1697 1693382641735528000
1698 1693382641767503000
1699 1693382641799550000
1700 1693382641835551000
1701 1693382641867446000
1702 1693382641899668000
1703 1693382641935619000
1704 1693382641967679000
1705 1693382641999657000
1706 1693382642035558000
1707 1693382642067542000
1708 1693382642099569000
1709 1693382642135553000
1710 1693382642167572000
1711 1693382642199627000
1712 1693382642235680000
1713 1693382642267724000
1714 1693382642299652000
1715 1693382642335790000
1716 1693382642367780000
1717 1693382642399890000
1718 1693382642435807000
1719 1693382642467848000
1720 1693382642499907000
1721 1693382642531871000
1722 1693382642567881000
1723 1693382642599938000
1724 1693382642631933000
1725 1693382642667897000
1726 1693382642699942000
1727 1693382642732031000
1728 1693382642768010000
1729 1693382642800167000
1730 1693382642832036000
1731 1693382642867945000
1732 1693382642899958000
1733 1693382642931972000
1734 1693382642967997000
1735 1693382643000043000
1736 1693382643032078000
1737 1693382643068020000
1738 1693382643100132000
1739 1693382643132084000
1740 1693382643168081000
1741 1693382643200099000
1742 1693382643232108000
1743 1693382643268156000
1744 1693382643300254000
1745 1693382643332195000
1746 1693382643368284000
1747 1693382643400397000
1748 1693382643432266000
1749 1693382643468268000
1750 1693382643500546000
1751 1693382643532285000
1752 1693382643568322000
1753 1693382643600368000
1754 1693382643632361000
1755 1693382643668339000
1756 1693382643700356000
1757 1693382643732386000
1758 1693382643768375000
1759 1693382643800383000
1760 1693382643832399000
1761 1693382643868503000
1762 1693382643902156000
1763 1693382643932426000
1764 1693382643968615000
1765 1693382644000541000
1766 1693382644035905000
1767 1693382644068614000
1768 1693382644100587000
1769 1693382644132712000
1770 1693382644168663000
1771 1693382644200740000
1772 1693382644232591000
1773 1693382644268703000
1774 1693382644300930000
1775 1693382644332782000
1776 1693382644368686000
1777 1693382644401684000
1778 1693382644432738000
1779 1693382644468706000
1780 1693382644500796000
1781 1693382644532770000
1782 1693382644568802000
1783 1693382644600808000
1784 1693382644632835000
1785 1693382644668886000
1786 1693382644700871000
1787 1693382644732885000
1788 1693382644768917000
1789 1693382644801042000
1790 1693382644832935000
1791 1693382644869055000
1792 1693382644900970000
1793 1693382644933032000
1794 1693382644965103000
1795 1693382645001087000
1796 1693382645033158000
1797 1693382645065073000
1798 1693382645101190000
1799 1693382645133184000
1800 1693382645165139000
1801 1693382645201117000
1802 1693382645233096000
1803 1693382645265111000
1804 1693382645301193000
1805 1693382645333763000
1806 1693382645365188000
1807 1693382645401217000
1808 1693382645433259000
1809 1693382645465249000
1810 1693382645501281000
1811 1693382645533335000
1812 1693382645565359000
1813 1693382645601373000
1814 1693382645633344000
1815 1693382645665415000
1816 1693382645701634000
1817 1693382645733506000
1818 1693382645765482000
1819 1693382645801569000
1820 1693382645833570000
1821 1693382645865505000
1822 1693382645901720000
1823 1693382645933593000
1824 1693382645965544000
1825 1693382646001524000
1826 1693382646033538000
1827 1693382646065656000
1828 1693382646102002000
1829 1693382646133572000
1830 1693382646165607000
1831 1693382646201579000
1832 1693382646233591000
1833 1693382646265647000
1834 1693382646301642000
1835 1693382646333667000
1836 1693382646365770000
1837 1693382646401820000
1838 1693382646433755000
1839 1693382646465737000
1840 1693382646501916000
1841 1693382646533888000
1842 1693382646565872000
1843 1693382646601884000
1844 1693382646633932000
1845 1693382646665960000
1846 1693382646701921000
1847 1693382646733955000
1848 1693382646765981000
1849 1693382646801908000
1850 1693382646833943000
1851 1693382646866026000
1852 1693382646902607000
1853 1693382646934047000
1854 1693382646966058000
1855 1693382647002043000
1856 1693382647034035000
1857 1693382647066008000
1858 1693382647102075000
1859 1693382647134099000
1860 1693382647166111000
1861 1693382647202442000
1862 1693382647234144000
1863 1693382647266140000
1864 1693382647302194000
1865 1693382647334319000
1866 1693382647366217000
1867 1693382647398297000
1868 1693382647434334000
1869 1693382647466262000
1870 1693382647498300000
1871 1693382647534397000
1872 1693382647566400000
1873 1693382647606477000
1874 1693382647634383000
1875 1693382647666398000
1876 1693382647698393000
1877 1693382647734446000
1878 1693382647766468000
1879 1693382647798542000
1880 1693382647834403000
1881 1693382647866497000
1882 1693382647898537000
1883 1693382647934492000
1884 1693382647966540000
1885 1693382647998609000
1886 1693382648034525000
1887 1693382648066683000
1888 1693382648098683000
1889 1693382648134725000
1890 1693382648166656000
1891 1693382648198659000
1892 1693382648234658000
1893 1693382648266643000
1894 1693382648298752000
1895 1693382648334654000
1896 1693382648366796000
1897 1693382648406693000
1898 1693382648434756000
1899 1693382648466727000
1900 1693382648498739000
1901 1693382648534797000
1902 1693382648566916000
1903 1693382648598824000
1904 1693382648634981000
1905 1693382648666841000
1906 1693382648698956000
1907 1693382648734958000
1908 1693382648767028000
1909 1693382648798887000
1910 1693382648834933000
1911 1693382648866995000
1912 1693382648899046000
1913 1693382648935110000
1914 1693382648967022000
1915 1693382648999128000
1916 1693382649035033000
1917 1693382649067020000
1918 1693382649099185000
1919 1693382649135080000
1920 1693382649167115000
1921 1693382649199156000
1922 1693382649235149000
1923 1693382649267116000
1924 1693382649299097000
1925 1693382649335168000
1926 1693382649367240000
1927 1693382649399208000
1928 1693382649435361000
1929 1693382649467252000
1930 1693382649499246000
1931 1693382649535292000
1932 1693382649567328000
1933 1693382649599360000
1934 1693382649635326000
1935 1693382649667344000
1936 1693382649699411000
1937 1693382649735389000
1938 1693382649767400000
1939 1693382649799418000
1940 1693382649831550000
1941 1693382649867434000
1942 1693382649899537000
1943 1693382649931588000
1944 1693382649967504000
1945 1693382649999583000
1946 1693382650031625000
1947 1693382650067553000
1948 1693382650099556000
1949 1693382650131580000
1950 1693382650167618000
1951 1693382650199623000
1952 1693382650231633000
1953 1693382650267618000
1954 1693382650299674000
1955 1693382650331696000
1956 1693382650367674000
1957 1693382650399871000
1958 1693382650431766000
1959 1693382650467775000
1960 1693382650499880000
1961 1693382650531874000
1962 1693382650567790000
1963 1693382650599906000
1964 1693382650631950000
1965 1693382650667971000
1966 1693382650699997000
1967 1693382650732079000
1968 1693382650767926000
1969 1693382650800048000
1970 1693382650838227000
1971 1693382650867956000
1972 1693382650900017000
1973 1693382650932018000
1974 1693382650967998000
1975 1693382651000062000
1976 1693382651032068000
1977 1693382651068047000
1978 1693382651100113000
1979 1693382651132133000
1980 1693382651168099000
1981 1693382651200185000
1982 1693382651232238000
1983 1693382651268179000
1984 1693382651300161000
1985 1693382651332314000
1986 1693382651368202000
1987 1693382651400267000
1988 1693382651432344000
1989 1693382651468220000
1990 1693382651500327000
1991 1693382651532410000
1992 1693382651568328000
1993 1693382651600485000
1994 1693382651638453000
1995 1693382651668358000
1996 1693382651700394000
1997 1693382651732391000
1998 1693382651768370000
1999 1693382651800416000
2000 1693382651832454000
2001 1693382651868428000
2002 1693382651900447000
2003 1693382651932505000
2004 1693382651968458000
2005 1693382652000512000
2006 1693382652032580000
2007 1693382652068530000
2008 1693382652100659000
2009 1693382652132689000
2010 1693382652168554000
2011 1693382652200641000
2012 1693382652232770000
2013 1693382652268611000
2014 1693382652300701000
2015 1693382652332837000
2016 1693382652369816000
2017 1693382652400782000
2018 1693382652432774000
2019 1693382652464763000
2020 1693382652500730000
2021 1693382652532743000
2022 1693382652564802000
2023 1693382652600811000
2024 1693382652632839000
2025 1693382652664851000
2026 1693382652700883000
2027 1693382652732933000
2028 1693382652764885000
2029 1693382652800941000
2030 1693382652833030000
2031 1693382652865032000
2032 1693382652901049000
2033 1693382652933198000
2034 1693382652965116000
2035 1693382653001079000
2036 1693382653033124000
2037 1693382653065128000
2038 1693382653101118000
2039 1693382653133189000
2040 1693382653165189000
2041 1693382653201151000
2042 1693382653233191000
2043 1693382653265171000
2044 1693382653301168000
2045 1693382653333199000
2046 1693382653365219000
2047 1693382653401201000
2048 1693382653433206000
2049 1693382653465277000
2050 1693382653501318000
2051 1693382653533324000
2052 1693382653565327000
2053 1693382653601398000
2054 1693382653633434000
2055 1693382653665438000
2056 1693382653701489000
2057 1693382653733572000
2058 1693382653765507000
2059 1693382653801560000
2060 1693382653833623000
2061 1693382653865587000
2062 1693382653901601000
2063 1693382653933682000
2064 1693382653965707000
2065 1693382654001555000
2066 1693382654033571000
2067 1693382654065617000
2068 1693382654101571000
2069 1693382654133609000
2070 1693382654165602000
2071 1693382654201717000
2072 1693382654233760000
2073 1693382654265754000
2074 1693382654301677000
2075 1693382654333733000
2076 1693382654365725000
2077 1693382654401726000
2078 1693382654433830000
2079 1693382654465850000
2080 1693382654501754000
2081 1693382654533884000
2082 1693382654565884000
2083 1693382654601870000
2084 1693382654633974000
2085 1693382654665952000
2086 1693382654701910000
2087 1693382654734019000
2088 1693382654766001000
2089 1693382654798029000
2090 1693382654833972000
2091 1693382654865957000
2092 1693382654898006000
2093 1693382654933930000
2094 1693382654965973000
2095 1693382654998089000
2096 1693382655034046000
2097 1693382655066021000
2098 1693382655098095000
2099 1693382655134094000
2100 1693382655166201000
2101 1693382655198106000
2102 1693382655234324000
2103 1693382655266261000
2104 1693382655298283000
2105 1693382655334285000
2106 1693382655366312000
2107 1693382655398345000
2108 1693382655434342000
2109 1693382655466406000
2110 1693382655498221000
2111 1693382655534461000
2112 1693382655574553000
2113 1693382655598417000
2114 1693382655634384000
2115 1693382655666331000
2116 1693382655698336000
2117 1693382655734359000
2118 1693382655766451000
2119 1693382655798460000
2120 1693382655834408000
2121 1693382655866427000
2122 1693382655898428000
2123 1693382655934479000
2124 1693382655966511000
2125 1693382655998580000
2126 1693382656034639000
2127 1693382656066665000
2128 1693382656098695000
2129 1693382656134679000
2130 1693382656166715000
2131 1693382656198719000
2132 1693382656234715000
2133 1693382656266673000
2134 1693382656298791000
2135 1693382656334770000
2136 1693382656366777000
2137 1693382656406172000
2138 1693382656434727000
2139 1693382656466758000
2140 1693382656498792000
2141 1693382656534776000
2142 1693382656566792000
2143 1693382656598825000
2144 1693382656634861000
2145 1693382656666899000
2146 1693382656698845000
2147 1693382656735007000
2148 1693382656767032000
2149 1693382656799025000
2150 1693382656835142000
2151 1693382656866965000
2152 1693382656899082000
2153 1693382656935096000
2154 1693382656967082000
2155 1693382656999100000
2156 1693382657035118000
2157 1693382657067158000
2158 1693382657099159000
2159 1693382657135163000
2160 1693382657167200000
2161 1693382657199213000
2162 1693382657231326000
2163 1693382657267156000
2164 1693382657299168000
2165 1693382657331178000
2166 1693382657367215000
2167 1693382657399226000
2168 1693382657431236000
2169 1693382657467257000
2170 1693382657499277000
2171 1693382657531324000
2172 1693382657567423000
2173 1693382657599418000
2174 1693382657631305000
2175 1693382657667360000
2176 1693382657699469000
2177 1693382657731540000
2178 1693382657767456000
2179 1693382657799569000
2180 1693382657831558000
2181 1693382657867539000
2182 1693382657906763000
2183 1693382657931568000
2184 1693382657967617000
2185 1693382657999629000
2186 1693382658031652000
2187 1693382658067580000
2188 1693382658099573000
2189 1693382658131578000
2190 1693382658167604000
2191 1693382658199621000
2192 1693382658231638000
2193 1693382658267714000
2194 1693382658299743000
2195 1693382658331779000
2196 1693382658367791000
2197 1693382658399905000
2198 1693382658431795000
2199 1693382658467849000
2200 1693382658499860000
2201 1693382658531906000
2202 1693382658567911000
2203 1693382658600005000
2204 1693382658632020000
2205 1693382658667963000
2206 1693382658699987000
2207 1693382658732067000
2208 1693382658767982000
2209 1693382658800045000
2210 1693382658832080000
2211 1693382658867947000
2212 1693382658900007000
2213 1693382658932044000
2214 1693382658968009000
2215 1693382659000031000
2216 1693382659032059000
2217 1693382659068066000
2218 1693382659100127000
2219 1693382659132136000
2220 1693382659168184000
2221 1693382659200224000
2222 1693382659232212000
2223 1693382659268279000
2224 1693382659300254000
2225 1693382659332263000
2226 1693382659368334000
2227 1693382659400332000
2228 1693382659432347000
2229 1693382659468351000
2230 1693382659500358000
2231 1693382659532402000
2232 1693382659568320000
2233 1693382659600413000
2234 1693382659632415000
2235 1693382659668358000
2236 1693382659700373000
2237 1693382659732416000
2238 1693382659764422000
2239 1693382659800448000
2240 1693382659832394000
2241 1693382659864425000
2242 1693382659900474000
2243 1693382659932522000
2244 1693382659964517000
2245 1693382660000605000
2246 1693382660032613000
2247 1693382660064641000
2248 1693382660100634000
2249 1693382660132638000
2250 1693382660164695000
2251 1693382660200683000
2252 1693382660232728000
2253 1693382660264829000
2254 1693382660300695000
2255 1693382660332666000
2256 1693382660364858000
2257 1693382660400865000
2258 1693382660432857000
2259 1693382660464697000
2260 1693382660500768000
2261 1693382660532740000
2262 1693382660564823000
2263 1693382660600840000
2264 1693382660632831000
2265 1693382660664823000
2266 1693382660700847000
2267 1693382660732856000
2268 1693382660764881000
2269 1693382660801012000
2270 1693382660833017000
2271 1693382660865006000
2272 1693382660901068000
2273 1693382660933062000
2274 1693382660965103000
2275 1693382661001126000
2276 1693382661033177000
2277 1693382661065159000
2278 1693382661101235000
2279 1693382661141615000
2280 1693382661165185000
2281 1693382661201191000
2282 1693382661233152000
2283 1693382661265160000
2284 1693382661301171000
2285 1693382661333184000
2286 1693382661365230000
2287 1693382661401223000
2288 1693382661433227000
2289 1693382661465285000
2290 1693382661501316000
2291 1693382661533361000
2292 1693382661565328000
2293 1693382661601482000
2294 1693382661633483000
2295 1693382661665452000
2296 1693382661701505000
2297 1693382661733500000
2298 1693382661765520000
2299 1693382661801568000
2300 1693382661833553000
2301 1693382661865462000
2302 1693382661901590000
2303 1693382661933587000
2304 1693382661965603000
2305 1693382662001510000
2306 1693382662033535000
2307 1693382662065566000
2308 1693382662101561000
2309 1693382662133550000
2310 1693382662165601000
2311 1693382662197584000
2312 1693382662233603000
2313 1693382662265626000
2314 1693382662297629000
2315 1693382662333655000
2316 1693382662365735000
2317 1693382662397736000
2318 1693382662433816000
2319 1693382662465897000
2320 1693382662505760000
2321 1693382662533865000
2322 1693382662565885000
2323 1693382662597988000
2324 1693382662633948000
2325 1693382662666022000
2326 1693382662697977000
2327 1693382662734016000
2328 1693382662766059000
2329 1693382662798053000
2330 1693382662833971000
2331 1693382662865986000
2332 1693382662897937000
2333 1693382662934009000
2334 1693382662965992000
2335 1693382662998002000
2336 1693382663034068000
2337 1693382663066044000
2338 1693382663098070000
2339 1693382663134107000
2340 1693382663166130000
2341 1693382663198134000
2342 1693382663234214000
2343 1693382663266329000
2344 1693382663298276000
2345 1693382663334266000
2346 1693382663366304000
2347 1693382663398326000
2348 1693382663435119000
2349 1693382663466395000
2350 1693382663502307000
2351 1693382663534384000
2352 1693382663566402000
2353 1693382663598414000
2354 1693382663634342000
2355 1693382663666354000
2356 1693382663698327000
2357 1693382663734385000
2358 1693382663766437000
2359 1693382663798500000
2360 1693382663834475000
2361 1693382663866490000
2362 1693382663898556000
2363 1693382663934532000
2364 1693382663966722000
2365 1693382663998564000
2366 1693382664034644000
2367 1693382664066770000
2368 1693382664098674000
2369 1693382664134690000
2370 1693382664166784000
2371 1693382664198669000
2372 1693382664234809000
2373 1693382664266739000
2374 1693382664305051000
2375 1693382664334786000
2376 1693382664366683000
2377 1693382664398774000
2378 1693382664434727000
2379 1693382664466755000
2380 1693382664498772000
2381 1693382664534784000
2382 1693382664566820000
2383 1693382664598834000
2384 1693382664630926000
2385 1693382664666885000
2386 1693382664698871000
2387 1693382664730930000
2388 1693382664766986000
2389 1693382664799019000
2390 1693382664831041000
2391 1693382664866930000
2392 1693382664899026000
2393 1693382664931103000
2394 1693382664966982000
2395 1693382664999117000
2396 1693382665031136000
2397 1693382665067139000
2398 1693382665105171000
2399 1693382665131282000
2400 1693382665167138000
2401 1693382665199236000
2402 1693382665231268000
2403 1693382665267192000
2404 1693382665301879000
2405 1693382665331155000
2406 1693382665367212000
2407 1693382665399200000
2408 1693382665431220000
2409 1693382665467261000
2410 1693382665499237000
2411 1693382665531299000
2412 1693382665567444000
2413 1693382665599428000
2414 1693382665631476000
2415 1693382665667466000
2416 1693382665699453000
2417 1693382665731437000
2418 1693382665767520000
2419 1693382665799504000
2420 1693382665831520000
2421 1693382665867457000
2422 1693382665899583000
2423 1693382665931600000
2424 1693382665967584000
2425 1693382665999611000
2426 1693382666031575000
2427 1693382666070384000
2428 1693382666099550000
2429 1693382666131544000
2430 1693382666167586000
2431 1693382666199627000
2432 1693382666231673000
2433 1693382666267624000
2434 1693382666299650000
2435 1693382666331762000
2436 1693382666367826000
2437 1693382666399832000
2438 1693382666431867000
2439 1693382666467889000
2440 1693382666499895000
2441 1693382666531924000
2442 1693382666567907000
2443 1693382666607524000
2444 1693382666631972000
2445 1693382666667986000
2446 1693382666699986000
2447 1693382666732001000
2448 1693382666768015000
2449 1693382666800011000
2450 1693382666832050000
2451 1693382666867973000
2452 1693382666899972000
2453 1693382666931985000
2454 1693382666967997000
2455 1693382667000033000
2456 1693382667032064000
2457 1693382667064068000
2458 1693382667100113000
2459 1693382667132109000
2460 1693382667164139000
2461 1693382667200237000
2462 1693382667232275000
2463 1693382667264255000
2464 1693382667300279000
2465 1693382667332234000
2466 1693382667364284000
2467 1693382667400336000
2468 1693382667432288000
2469 1693382667464398000
2470 1693382667500431000
2471 1693382667537793000
2472 1693382667564418000
2473 1693382667600338000
2474 1693382667632443000
2475 1693382667664458000
2476 1693382667700329000
2477 1693382667732379000
2478 1693382667764367000
2479 1693382667800413000
2480 1693382667832374000
2481 1693382667864423000
2482 1693382667900439000
2483 1693382667932466000
2484 1693382667964495000
2485 1693382668000589000
2486 1693382668032552000
2487 1693382668064608000
2488 1693382668100660000
2489 1693382668132693000
2490 1693382668164689000
2491 1693382668200724000
2492 1693382668232796000
2493 1693382668264858000
2494 1693382668300883000
2495 1693382668332831000
2496 1693382668364813000
2497 1693382668400694000
2498 1693382668432835000
2499 1693382668464806000
2500 1693382668500743000
2501 1693382668532759000
2502 1693382668564806000
2503 1693382668600854000
2504 1693382668632835000
2505 1693382668664982000
2506 1693382668700901000
2507 1693382668732917000
2508 1693382668764907000
2509 1693382668801028000
2510 1693382668833154000
2511 1693382668865113000
2512 1693382668901053000
2513 1693382668933121000
2514 1693382668965109000
2515 1693382669001161000
2516 1693382669033234000
2517 1693382669065187000
2518 1693382669101210000
2519 1693382669133228000
2520 1693382669165224000
2521 1693382669201166000
2522 1693382669233150000
2523 1693382669265198000
2524 1693382669301195000
2525 1693382669333218000
2526 1693382669365238000
2527 1693382669401208000
2528 1693382669433275000
2529 1693382669467415000
2530 1693382669501273000
2531 1693382669533413000
2532 1693382669565344000
2533 1693382669597364000
2534 1693382669633464000
2535 1693382669665472000
2536 1693382669697504000
2537 1693382669733441000
2538 1693382669765528000
2539 1693382669797539000
2540 1693382669833559000
2541 1693382669865596000
2542 1693382669897623000
2543 1693382669933567000
2544 1693382669965607000
2545 1693382669997620000
2546 1693382670033553000
2547 1693382670065564000
2548 1693382670097571000
2549 1693382670133619000
2550 1693382670165634000
2551 1693382670197644000
2552 1693382670233668000
2553 1693382670265700000
2554 1693382670297691000
2555 1693382670333704000
2556 1693382670365718000
2557 1693382670397816000
2558 1693382670433874000
2559 1693382670465816000
2560 1693382670497939000
2561 1693382670533910000
2562 1693382670565923000
2563 1693382670597841000
2564 1693382670633951000
2565 1693382670665991000
2566 1693382670697824000
2567 1693382670734003000
2568 1693382670766013000
2569 1693382670798007000
2570 1693382670833929000
2571 1693382670865956000
2572 1693382670897992000
2573 1693382670934014000
2574 1693382670966005000
2575 1693382670998011000
2576 1693382671034060000
2577 1693382671066063000
2578 1693382671098091000
2579 1693382671134108000
2580 1693382671166124000
2581 1693382671198183000
2582 1693382671234190000
2583 1693382671266221000
2584 1693382671298284000
2585 1693382671334286000
2586 1693382671366340000
2587 1693382671398367000
2588 1693382671434367000
2589 1693382671466401000
2590 1693382671498265000
2591 1693382671534424000
2592 1693382671566350000
2593 1693382671598460000
2594 1693382671634337000
2595 1693382671666388000
2596 1693382671698421000
2597 1693382671738373000
2598 1693382671766383000
2599 1693382671798455000
2600 1693382671834405000
2601 1693382671866490000
2602 1693382671898505000
2603 1693382671934470000
2604 1693382671966556000
2605 1693382671998564000
2606 1693382672030589000
2607 1693382672066678000
2608 1693382672098775000
2609 1693382672130711000
2610 1693382672166628000
2611 1693382672198728000
2612 1693382672235033000
2613 1693382672266671000
2614 1693382672298807000
2615 1693382672330806000
2616 1693382672366764000
2617 1693382672398829000
2618 1693382672435400000
2619 1693382672466750000
2620 1693382672498774000
2621 1693382672530837000
2622 1693382672566788000
2623 1693382672598879000
2624 1693382672630824000
2625 1693382672666824000
2626 1693382672698871000
2627 1693382672730868000
2628 1693382672766925000
2629 1693382672798934000
2630 1693382672830923000
2631 1693382672866963000
2632 1693382672898940000
2633 1693382672931009000
2634 1693382672966984000
2635 1693382672999018000
2636 1693382673031065000
2637 1693382673067063000
2638 1693382673099145000
2639 1693382673135347000
2640 1693382673167148000
2641 1693382673199150000
2642 1693382673231167000
2643 1693382673267188000
2644 1693382673299148000
2645 1693382673331160000
2646 1693382673367188000
2647 1693382673399262000
2648 1693382673431216000
2649 1693382673467269000
2650 1693382673499246000
2651 1693382673531275000
2652 1693382673567344000
2653 1693382673599450000
2654 1693382673631558000
2655 1693382673667374000
2656 1693382673699393000
2657 1693382673731475000
2658 1693382673767407000
2659 1693382673799463000
2660 1693382673831495000
2661 1693382673867460000
2662 1693382673899616000
2663 1693382673931605000
2664 1693382673967507000
2665 1693382673999571000
2666 1693382674031652000
2667 1693382674067592000
2668 1693382674099518000
2669 1693382674131572000
2670 1693382674167604000
2671 1693382674199589000
2672 1693382674231596000
2673 1693382674267689000
2674 1693382674299661000
2675 1693382674331783000
2676 1693382674367794000
2677 1693382674399785000
2678 1693382674431758000
2679 1693382674463773000
2680 1693382674499996000
2681 1693382674531908000
2682 1693382674563805000
2683 1693382674599921000
2684 1693382674632052000
2685 1693382674663847000
2686 1693382674699952000
2687 1693382674731991000
2688 1693382674763897000
2689 1693382674799976000
2690 1693382674832042000
2691 1693382674863962000
2692 1693382674899973000
2693 1693382674932025000
2694 1693382674964007000
2695 1693382675000035000
2696 1693382675032073000
2697 1693382675064117000
2698 1693382675100081000
2699 1693382675132136000
2700 1693382675164113000
2701 1693382675200139000
2702 1693382675232367000
2703 1693382675264167000
2704 1693382675300200000
2705 1693382675332504000
2706 1693382675364322000
2707 1693382675400186000
2708 1693382675432265000
2709 1693382675464386000
2710 1693382675500371000
2711 1693382675532350000
2712 1693382675564299000
2713 1693382675600414000
2714 1693382675632404000
2715 1693382675664464000
2716 1693382675700373000
2717 1693382675732389000
2718 1693382675764425000
2719 1693382675800423000
2720 1693382675832443000
2721 1693382675864474000
2722 1693382675900490000
2723 1693382675932511000
2724 1693382675964511000
2725 1693382676000575000
2726 1693382676032596000
2727 1693382676064586000
2728 1693382676100631000
2729 1693382676132649000
2730 1693382676164656000
2731 1693382676200642000
2732 1693382676232688000
2733 1693382676264677000
2734 1693382676300727000
2735 1693382676332836000
2736 1693382676364726000
2737 1693382676400753000
2738 1693382676432764000
2739 1693382676464788000
2740 1693382676500793000
2741 1693382676532754000
2742 1693382676564805000
2743 1693382676600771000
2744 1693382676632849000
2745 1693382676664815000
2746 1693382676700893000
2747 1693382676732890000
2748 1693382676764920000
2749 1693382676800956000
2750 1693382676833063000
2751 1693382676865024000
2752 1693382676900993000
2753 1693382676933099000
2754 1693382676965005000
2755 1693382676997042000
2756 1693382677033166000
2757 1693382677065087000
2758 1693382677097074000
2759 1693382677133398000
2760 1693382677165122000
2761 1693382677197155000
2762 1693382677233159000
2763 1693382677265161000
2764 1693382677297285000
2765 1693382677333189000
2766 1693382677365206000
2767 1693382677397256000
2768 1693382677433276000
2769 1693382677465327000
2770 1693382677497295000
2771 1693382677533326000
2772 1693382677565333000
2773 1693382677597343000
2774 1693382677633364000
2775 1693382677665410000
2776 1693382677697403000
2777 1693382677733503000
2778 1693382677765437000
2779 1693382677797470000
2780 1693382677833521000
2781 1693382677865535000
2782 1693382677897533000
2783 1693382677933555000
2784 1693382677965599000
2785 1693382677997558000
2786 1693382678033610000
2787 1693382678065588000
2788 1693382678097640000
2789 1693382678133622000
2790 1693382678165671000
2791 1693382678197653000
2792 1693382678233645000
2793 1693382678265694000
2794 1693382678297713000
2795 1693382678333711000
2796 1693382678365757000
2797 1693382678397786000
2798 1693382678433812000
2799 1693382678465806000
2800 1693382678497793000
2801 1693382678533935000
2802 1693382678565852000
2803 1693382678597888000
2804 1693382678633962000
2805 1693382678665882000
2806 1693382678697904000
2807 1693382678734031000
2808 1693382678765936000
2809 1693382678797979000
2810 1693382678833947000
2811 1693382678866031000
2812 1693382678898030000
2813 1693382678933998000
2814 1693382678966023000
2815 1693382678998063000
2816 1693382679034073000
2817 1693382679066044000
2818 1693382679098066000
2819 1693382679134091000
2820 1693382679166159000
2821 1693382679198148000
2822 1693382679234142000
2823 1693382679266187000
2824 1693382679298159000
2825 1693382679334539000
2826 1693382679366251000
2827 1693382679399882000
2828 1693382679430379000
2829 1693382679466252000
2830 1693382679498261000
2831 1693382679530358000
2832 1693382679566313000
2833 1693382679598306000
2834 1693382679630520000
2835 1693382679666411000
2836 1693382679698476000
2837 1693382679731303000
2838 1693382679766397000
2839 1693382679798440000
2840 1693382679830515000
2841 1693382679866540000
2842 1693382679899982000
2843 1693382679930606000
2844 1693382679966502000
