5.628195264154323141e-01
7.362196253996392548e-01
9.319637000294941354e-01
1.118558854468643782e+00
1.244902665576391732e+00
1.267945032047929521e+00
1.187355625983846252e+00
1.042865262814158811e+00
6.480388689444220862e-01
8.827418163511216997e-01
1.184405206836771418e+00
1.505549708590149027e+00
1.709646063885543965e+00
1.656691532519734444e+00
1.385001849250114381e+00
1.056378470067645958e+00
7.126085676414265491e-01
1.017107999106155125e+00
1.505296612603892026e+00
2.211327318933034913e+00
2.766966159266048386e+00
2.376033317227418618e+00
1.457927733136720638e+00
7.901181699827763971e-01
6.987243438858420364e-01
9.978650912194241274e-01
1.592897043497267129e+00
3.077489157750121329e+00
6.879466590178057395e+00
3.279461808746165108e+00
2.658203668934406294e-01
2.538469592831855692e-01
5.697469957189609246e-01
6.965314649953876502e-01
8.534954969553697479e-01
8.636739259717308714e-01
3.217199567948843431e+00
8.677757502581375348e+00
3.252325353650521667e+00
1.863168467451020938e+00
3.837904184533454943e-01
3.142298526607862352e-01
6.076344271073262637e-02
6.898977312485000679e-01
2.311888136452437070e+00
3.554630995081051736e+00
3.143425443190681179e+00
2.366038122246507669e+00
