2.611645725935452855e+00
3.454773221587739584e+00
3.920632120303697565e+00
4.853222077353874120e+00
5.415259629207958447e+00
6.453700168824470396e+00
7.112435496774852872e+00
8.065479563061529689e+00
2.963261274944597901e+00
3.433129969439004725e+00
3.710706450626937603e+00
4.490673846799357882e+00
5.186570040789089120e+00
5.531300592113459480e+00
6.722722750821437998e+00
7.701883579888629150e+00
3.436949377115901427e+00
3.488826638173026851e+00
3.705422517572459995e+00
4.115333655371212984e+00
4.498037037726802190e+00
4.907097516979413321e+00
6.068142559236223477e+00
7.063593982942014016e+00
3.608613014853667700e+00
3.628360748785969037e+00
3.718805542682666943e+00
3.999525136371611556e+00
4.246956827188271610e+00
4.488573592058430428e+00
4.409053449760254928e+00
6.325005940200168375e+00
3.774584542532483322e+00
3.951862896872923248e+00
4.197766992709169642e+00
4.502447690711960604e+00
4.540209019098934817e+00
4.723429513189022266e+00
5.526023350728145545e+00
4.757128527108220872e+00
4.217740166239129174e+00
4.148546626345100741e+00
3.871670033431738212e+00
4.335947744081087407e+00
4.532809313953155339e+00
5.777006697085254494e+00
5.023692113542046478e+00
6.014203777850619659e+00
