1.372524480757602028e-01
1.313035997401430510e-01
1.252909585182983843e-01
1.192195712038449096e-01
1.130987512836646725e-01
1.069433151022543133e-01
1.007751642222189242e-01
9.462534562544755445e-02
8.853676109424057916e-02
8.256772313954138798e-02
7.679652080409712922e-02
7.132695307232393700e-02
1.333683998018889150e-01
1.272730061574607330e-01
1.210935638414749604e-01
1.148329920873486787e-01
1.084982900426318814e-01
1.021017944379865039e-01
9.566284467957279769e-02
8.921004995844895868e-02
8.278444516662825103e-02
7.644393799990455152e-02
7.026955451801689123e-02
6.437394862783908656e-02
1.297926959592161367e-01
1.235587343879775424e-01
1.172199216205547095e-01
1.107766777291471633e-01
1.042331227090205897e-01
9.759826623824929825e-02
9.088762883020053140e-02
8.412554345601398753e-02
7.734854382437993114e-02
7.061049647420167275e-02
6.399050628100715066e-02
5.760506474909202201e-02
1.265664487166604790e-01
1.202071058496972794e-01
1.137224528501104837e-01
1.071101978638527574e-01
1.003711913568403752e-01
9.351044118926872539e-02
8.653852017146758391e-02
7.947363340690417888e-02
7.234482230448741058e-02
6.519717367023183940e-02
5.810063662781293770e-02
5.116538161275121371e-02
1.237316000831433227e-01
1.172659730029078778e-01
1.106560817793338647e-01
1.038969863825130596e-01
9.698622751881084969e-02
8.992457369289212632e-02
8.271704708070980183e-02
7.537445016761883110e-02
6.791582331272119633e-02
6.037270024960810638e-02
5.279699818381439202e-02
4.527663401728437842e-02
1.213296601848149053e-01
1.147832110135053457e-01
1.080764340644869703e-01
1.012021990241701863e-01
9.415523649338439216e-02
8.693258650053171943e-02
7.953416349564940147e-02
7.196355338204515895e-02
6.422928520310818012e-02
5.634711058727108479e-02
4.834455825001045259e-02
4.027108147750121242e-02
1.194001191092103759e-01
1.128047405579086088e-01
1.060373549958144590e-01
9.908957365676336615e-02
9.195449757706131155e-02
8.462695314325531515e-02
7.710371188192691183e-02
6.938370613188946101e-02
6.146827247679149259e-02
5.336150185964776138e-02
4.507090333878608496e-02
3.660898967163465911e-02
1.179786100229002488e-01
1.113721742916030932e-01
1.045878529652219668e-01
9.761739913594774665e-02
9.045415415421291516e-02
8.309329336414202072e-02
7.553206459371861192e-02
6.777004047855572644e-02
5.980943704802828970e-02
5.165562783818614112e-02
4.331819712903053204e-02
3.481357689213303991e-02
