1.843072594093606575e+00
1.793412389772026216e+00
1.714070635247957775e+00
1.848123431939502570e+00
1.534021754229611068e+00
1.429008094377393956e+00
1.356078438575367029e+00
1.306632423802081222e+00
1.050466725296177017e+00
1.002367200277795911e+00
9.785919516468851720e-01
9.078602787921702388e-01
1.934119052834211372e+00
1.676738322411390092e+00
1.635007065282425787e+00
1.660325730206802186e+00
1.432354387668623108e+00
1.571416453817111147e+00
1.356302519761915182e+00
1.315284714401180333e+00
1.027674569339652288e+00
9.923525097141671081e-01
9.073989119705639927e-01
6.752389480330353022e-01
1.656306772752338619e+00
1.671863196799169504e+00
1.584454800971487165e+00
1.581435838598201471e+00
1.269399203412445498e+00
1.486878840993476558e+00
1.332312852520916691e+00
1.324094117060921727e+00
1.027915898225819635e+00
1.010555071880143263e+00
8.054940770845404607e-01
5.332964720198170028e-01
1.692835397568402511e+00
1.459895983030971678e+00
1.466432288308161969e+00
1.490727558153711607e+00
1.331458437064155786e+00
1.207097867484691056e+00
1.225167332055433489e+00
1.120163336095410411e+00
9.941232369568459015e-01
8.435222173396597078e-01
6.903208463480664525e-01
5.798765056044768995e-01
1.786225048983079322e+00
1.642554544062708954e+00
1.675754249805935459e+00
1.560745825780428087e+00
1.272360910156201452e+00
1.401446046537197399e+00
1.365670553158041756e+00
1.233848390313174725e+00
1.053404549233643017e+00
8.224205819907487447e-01
7.977026097052458686e-01
4.884350319626390990e-01
1.713602928168831641e+00
1.487178743677289861e+00
1.480481814460479439e+00
1.416217237950243124e+00
1.302253167743790963e+00
1.166208088748670990e+00
1.174481989384916103e+00
9.907507358497881222e-01
9.647631945241025297e-01
7.381735198532135556e-01
7.679479740693634371e-01
4.065139042239202527e-01
1.565896058844018501e+00
1.520005811208333668e+00
1.259843708207427859e+00
1.452498806532902309e+00
1.141493136838849676e+00
1.210370607315413016e+00
1.035886875847819022e+00
9.643864948779159452e-01
8.643608311773967046e-01
6.334983815307972943e-01
6.473023435610377740e-01
2.828821843290669769e-01
1.558008546003816441e+00
1.295530941615088860e+00
1.231684282249860374e+00
1.270315678928267022e+00
1.135939187163321984e+00
1.089552392675557035e+00
9.912017575900805566e-01
8.970717247555960450e-01
6.342704623954106280e-01
5.887860574993091234e-01
5.471554184279818767e-01
3.826605389365540510e-01
