1.105637342484287328e-01
1.057534592585323424e-01
1.015611774611492601e-01
9.806617764246780555e-02
9.534516996405194289e-02
9.346577706039871369e-02
9.247932382697411635e-02
9.241440903584179078e-02
9.327295678466884787e-02
9.502994130917893911e-02
9.763687229247484944e-02
1.010279749616259659e-01
1.071314227758226045e-01
1.025951979371732686e-01
9.872097721114635183e-02
9.558928732467622535e-02
9.327494931071431128e-02
9.183977512250794673e-02
9.132522230002894370e-02
9.174678179482191609e-02
9.309173711573130727e-02
9.532100962904614672e-02
9.837449894225261393e-02
1.021783392678601854e-01
1.042375897028647580e-01
1.000164290527560673e-01
9.650140341895509233e-02
9.377195450213708650e-02
9.189810579350499165e-02
9.093276666679261933e-02
9.090488472508750917e-02
9.181531401702838768e-02
9.363668894812575416e-02
9.631734503324769492e-02
9.978805639603989530e-02
1.039697323854562178e-01
1.019281090486251484e-01
9.806288017001056623e-02
9.494599163844252843e-02
9.265299777739120779e-02
9.124603264814988568e-02
9.076630850088215907e-02
9.122845417789850198e-02
9.261837157097305151e-02
9.489530262974218977e-02
9.799743862918770809e-02
1.018494050180584892e-01
1.063697721871380564e-01
1.002433771751036207e-01
9.677242272510470922e-02
9.408768644547679805e-02
9.225783158734567058e-02
9.133425450342581853e-02
9.134444925748581856e-02
9.228810639822460082e-02
9.413715824767640572e-02
9.683975604722604158e-02
1.003269452718620197e-01
1.045202246067341856e-01
1.093383855928993786e-01
9.921522497473078683e-02
9.617175302036143347e-02
9.394559648644029703e-02
9.259572305099425527e-02
9.216064541570399837e-02
9.265325146751950125e-02
9.405896692781594293e-02
9.633782911978193420e-02
9.942982041347782352e-02
1.032619235892999893e-01
1.077552056618524129e-01
1.128307034412703302e-01
9.886413916167423321e-02
9.627378305649370027e-02
9.452295173024581609e-02
9.365873857547317438e-02
9.370567766821154276e-02
9.466241361242597185e-02
9.650189056470123705e-02
9.917500200228106244e-02
1.026166213130399046e-01
1.067524459917250090e-01
1.115052567760265317e-01
1.167997588187550118e-01
9.919730895365515277e-02
9.707629718465374258e-02
9.580674639334821330e-02
9.542264742626796470e-02
9.593463627467685439e-02
9.732857257984976751e-02
9.956742163815088253e-02
1.025958852531033416e-01
1.063465264972354857e-01
1.107459955625661463e-01
1.157203144492078700e-01
1.211987237031125070e-01
