3.827019938590081050e-01
3.743198701822502694e-01
3.705913145946043152e-01
3.732965363051384267e-01
3.817876532981539506e-01
3.934279319498820704e-01
4.054630413052709437e-01
4.162268177532956748e-01
4.589325781065970999e-01
4.669230109931855610e-01
4.770921806599673909e-01
4.862208815372031645e-01
4.912220514002022531e-01
4.919743433209440298e-01
4.902363366641101505e-01
4.875794702262216673e-01
5.481849525256469180e-01
6.137813564246651366e-01
6.871284508119926970e-01
7.105917738574636378e-01
6.734253613529346261e-01
6.228533782517479134e-01
5.829188530469934237e-01
5.550204500889683867e-01
5.663134100543294469e-01
7.757005836691281964e-01
1.275976828568217147e+00
1.288798417042355426e+00
9.131505409807241236e-01
7.226729742499303777e-01
6.328194344499622481e-01
5.847275559825828584e-01
2.690541545157583148e-01
9.151167289908532232e-02
2.077734041963999356e+00
7.848545198218994656e-01
6.510075276439561964e-01
5.900156789856526585e-01
5.583116071316172047e-01
5.390477147314418627e-01
1.353871593543138074e-01
6.019051373049829623e-01
1.181261982654230325e+00
6.632078207282215976e-01
8.668939010788285051e-04
2.694589421214568237e-01
3.774103823989284345e-01
4.259579727624866474e-01
