9.991397969625066822e-02
9.156655902817462112e-02
8.656638724880004465e-02
8.462956680575596524e-02
8.510119402570522074e-02
8.713260367570067888e-02
8.989080893175480091e-02
9.268452984978205189e-02
9.499811514869904716e-02
9.647717089285218206e-02
9.690246673407859612e-02
9.616922309874685604e-02
1.051245830874280862e-01
9.832469071282440298e-02
9.470603240087255292e-02
9.381471323826377773e-02
9.492401256828127132e-02
9.721355791309393979e-02
9.992581189464838642e-02
1.024435793068677186e-01
1.043032010516515701e-01
1.051781843095191543e-01
1.048572196636468473e-01
1.032273566382659186e-01
1.121566247107242537e-01
1.067063852980114774e-01
1.041835026734551223e-01
1.040341189405497857e-01
1.055214168425988169e-01
1.078786589854225375e-01
1.104203004140022482e-01
1.125897681567103320e-01
1.139631659528210772e-01
1.142340600667863387e-01
1.131952242664451963e-01
1.107244861623335880e-01
1.206986733490438279e-01
1.163591627859762723e-01
1.146570130337596777e-01
1.149946338749441577e-01
1.166592164706942714e-01
1.189439847338167877e-01
1.212265222203410958e-01
1.229992797273900540e-01
1.238694137137000273e-01
1.235457242575889875e-01
1.218235191209724871e-01
1.185723641008304269e-01
1.304408965211344695e-01
1.269725870931521783e-01
1.258507991539470905e-01
1.264713427860312822e-01
1.281608704456475845e-01
1.302702980383237674e-01
1.322310079448773823e-01
1.335754937493648931e-01
1.339360114042496552e-01
1.330338200806080728e-01
1.306666342452696139e-01
1.266978679909672723e-01
1.411037833394014340e-01
1.382887217884682385e-01
1.375476384545160080e-01
1.382912675437647509e-01
1.398907216617014948e-01
1.417493081170050351e-01
1.433441247386093020e-01
1.442410744003446987e-01
1.440935573190781083e-01
1.426338723670929898e-01
1.396628618770495156e-01
1.350404760341788746e-01
1.524480652973407013e-01
1.500983507435705855e-01
1.495764365114244099e-01
1.503190954421466663e-01
1.517417459438152039e-01
1.532942958051686233e-01
1.544930733836496761e-01
1.549326066236466626e-01
1.542848875214400395e-01
1.522927162471227613e-01
1.487612603371912534e-01
1.435499022986962692e-01
1.642739221899034707e-01
1.622324389889751306e-01
1.618007424580085452e-01
1.624465417610985174e-01
1.636271959555538336e-01
1.648339331103216288e-01
1.656172907542180217e-01
1.655970200279495708e-01
1.644621226745990317e-01
1.619659221249902525e-01
1.579193427303064723e-01
1.521840683670251382e-01
