1.248989011863071985e+00
1.381184822292884196e+00
1.257858560580795038e+00
1.230117450101228416e+00
1.239494958713813988e+00
1.410964897808546947e+00
1.360924858591441078e+00
1.209528837339230556e+00
1.265732332037955210e+00
1.315915196120612585e+00
1.298809811707018369e+00
1.274539441376263404e+00
1.216832118493917037e+00
1.183580234235272366e+00
1.264938440937843023e+00
1.327901159578062318e+00
1.357065081002972295e+00
1.468147644100715965e+00
1.448113801731899297e+00
1.401447677931554781e+00
1.370526207448328426e+00
1.300537252771695407e+00
1.208227382038017605e+00
1.263720167746823941e+00
1.361738836587788937e+00
1.391586791825375480e+00
1.401419370362255501e+00
1.495787961690585810e+00
1.483015045552412703e+00
1.505771989767770158e+00
1.608233045378934412e+00
1.476213904752621486e+00
1.699068194431449186e+00
1.467312526162521502e+00
1.448995078473829246e+00
1.371959972355538904e+00
1.349306474632171904e+00
1.335037543647787261e+00
1.412130122757992989e+00
1.372215856850778071e+00
1.575601721376422182e+00
1.464340050507229485e+00
1.657562979684131799e+00
1.698288236108629556e+00
1.665363386998082174e+00
1.543259855340276987e+00
1.431175631139048665e+00
1.352218419711719077e+00
1.663273405885054901e+00
1.827083371413040114e+00
1.828235533963068704e+00
1.916891865945880014e+00
1.929802812525025946e+00
1.969345959915083100e+00
1.954837701301543662e+00
1.991030348705942199e+00
1.970185717428388550e+00
1.901917806164472369e+00
1.883563310182254424e+00
1.733447896851049830e+00
1.772442091950731102e+00
1.806973296638866966e+00
1.777157261130125177e+00
1.975131787513294990e+00
2.032209611449955489e+00
1.988129062697296501e+00
2.137589600805692935e+00
2.000520546601647354e+00
2.022703887783166454e+00
2.008531674014951030e+00
1.909254931757289997e+00
1.854089646935458857e+00
1.792522856758939076e+00
1.980889422555660362e+00
1.994316551147650829e+00
2.024400344931786222e+00
2.083256805075239360e+00
2.130490693191421148e+00
2.148535836970133950e+00
1.971738778800483427e+00
2.079301683346483465e+00
2.085680969547927255e+00
1.972098250719967805e+00
2.057267566150887905e+00
2.001951328805178676e+00
2.010552438571652001e+00
2.204374436735617504e+00
2.225828572582405851e+00
2.226266185181776436e+00
2.147863838593238484e+00
2.200714575424989050e+00
2.166489849541782142e+00
2.313573818268091387e+00
2.150465686038395940e+00
2.135663491824825400e+00
2.145319887215253019e+00
