2.910843671513298481e-01
2.645887374719116947e-01
2.382714143275746488e-01
2.121987499160689905e-01
1.864733968634978423e-01
1.612616560167757507e-01
1.368476940117341334e-01
1.137463700650649806e-01
9.294169000626598121e-02
7.633514571321457776e-02
6.711875216723768578e-02
6.835038409189296560e-02
2.891292996470658516e-01
2.627703271211559999e-01
2.366214559331169254e-01
2.107609017157920095e-01
1.853094106293296794e-01
1.604617503803260903e-01
1.365479574876183599e-01
1.141564354057873626e-01
9.437698070325832578e-02
7.919162152883560402e-02
7.158622106007597741e-02
7.393806098722081888e-02
2.873851348860571031e-01
2.611859689154366615e-01
2.352338850053594943e-01
2.096206732236173265e-01
1.844875289073030500e-01
1.600607562568626963e-01
1.367194893067860684e-01
1.151258768074750055e-01
9.646083120451046100e-02
8.273084125181480453e-02
7.663594406931069358e-02
7.994197548315079560e-02
2.858557333990395244e-01
2.598399442460559983e-01
2.341133670384475951e-01
2.087829406775143226e-01
1.840123357316531816e-01
1.600616717908381614e-01
1.373605239620634688e-01
1.166407476029805573e-01
9.915235827363495791e-02
8.686939617988090334e-02
8.216063245669992521e-02
8.627527311058132142e-02
2.845445582071325363e-01
2.587359727943672194e-01
2.332637505528774580e-01
2.082513546600317234e-01
1.838865188236266934e-01
1.604644901029492199e-01
1.384645407839754372e-01
1.186801635347331796e-01
1.024036575046950032e-01
9.152602152196785690e-02
8.807094783487681711e-02
9.287059158323586472e-02
2.834546376724820238e-01
2.578771632666619351e-01
2.326880030050361425e-01
2.080282621233925933e-01
1.841107944507371363e-01
1.612661995462023601e-01
1.400205888091557160e-01
1.212176520001966851e-01
1.061633115252820919e-01
9.662584521327856335e-02
9.429440547529845118e-02
9.967593258300566639e-02
2.825885318892940035e-01
2.572659708854431182e-01
2.323881599555160105e-01
2.081146551566760428e-01
1.846838871857744424e-01
1.624608949030720007e-01
1.420138100712815266e-01
1.242226944676693284e-01
1.103793870351097717e-01
1.021024781054756109e-01
1.007730057103784632e-01
1.066510994604513707e-01
2.819483034479983163e-01
2.569041629506219615e-01
2.323652894842646033e-01
2.085101490681984249e-01
1.856025658857450855e-01
1.640399901057672249e-01
1.444261054519525300e-01
1.276622779435335753e-01
1.150016964006889963e-01
1.078985580623545021e-01
1.074606122280495346e-01
1.137648593393879998e-01
