1.768029927489469744e+00
1.760333610059712672e+00
1.699258892978309232e+00
1.449640542277802702e+00
1.338305741347418643e+00
1.128585032193301751e+00
7.689355476801623679e-01
7.753694980518355262e-01
4.799523203091953238e-01
4.663915459281300357e-01
3.694047530930911205e-01
2.387621145307945725e-01
1.749802770058588308e+00
1.848103763052635129e+00
1.577632252098040366e+00
1.295524525961470497e+00
1.285199283637266987e+00
9.232083425214427930e-01
8.714185839614916329e-01
6.429083450315337123e-01
3.766293619107313195e-01
1.148774346806982344e-01
2.560555143831535485e-01
2.983671971820244240e-01
1.942189866718160296e+00
1.784538043362478010e+00
1.759618701823281173e+00
1.409335232305552132e+00
1.365216294907455330e+00
1.176581777041293408e+00
7.686437488295738696e-01
4.616005575900485880e-01
3.666925552314273529e-01
3.166611722589194461e-02
3.164353195146383246e-01
5.119946264529988689e-01
1.926171806209585835e+00
1.777199305614635350e+00
1.705291780580054040e+00
1.365510710355815727e+00
1.265063183646120581e+00
8.661223467815567512e-01
8.264643601101839820e-01
5.184198331447268382e-01
5.381295983595777432e-01
4.903618670365512133e-01
6.718630223061532458e-01
7.254519718767081793e-01
2.091431591335615181e+00
2.045452637946728824e+00
1.837929070179984414e+00
1.547560164191597476e+00
1.412445571953486301e+00
9.963564089323422301e-01
9.799809834114323603e-01
6.465713036870482933e-01
7.736929035529297449e-01
4.960826304576019807e-01
4.924758012170077359e-01
6.420473512480883160e-01
2.064952463071274114e+00
2.045715972479433375e+00
1.767703700612586415e+00
1.517343939022656407e+00
1.535163490778842288e+00
1.133953511543479342e+00
1.036645732216202598e+00
7.618516018237652121e-01
8.760512704504396231e-01
8.093729255465186290e-01
7.575389108352674761e-01
1.020144279589878300e+00
2.143216209683043605e+00
2.119728878389671944e+00
2.055104136401305848e+00
1.583286193190109437e+00
1.532320734157854192e+00
1.309445381002790620e+00
1.313105566295142745e+00
9.005893504532377358e-01
1.219419161451221978e+00
1.096322340765570225e+00
1.128392772309449121e+00
1.248042032181071237e+00
2.271741591589073295e+00
2.296564297792318410e+00
1.988342806592353185e+00
1.754711773852358325e+00
1.919350569347072932e+00
1.610297752712947617e+00
1.411192406955946721e+00
1.233876541290860329e+00
1.403512641589595766e+00
1.436023897544448813e+00
1.430066326685206057e+00
1.577539873770839929e+00
