2.973811245208741738e-01
2.929263754983669754e-01
2.885742929309494942e-01
2.843295912409702919e-01
2.801971506039880877e-01
2.761820102660766385e-01
2.722893593574703952e-01
2.685245249147063529e-01
2.648929568310873783e-01
2.614002094747451266e-01
2.580519197464622438e-01
2.548537813981102129e-01
2.919627707842267772e-01
2.875176349810638632e-01
2.831774252352867172e-01
2.789470393055883957e-01
2.748315486775295136e-01
2.708361910755246460e-01
2.669663602044179962e-01
2.632275924023949609e-01
2.596255498979334608e-01
2.561660003871004676e-01
2.528547926884596730e-01
2.496978282913117075e-01
2.866799139457122392e-01
2.822468894794513128e-01
2.779211633150862615e-01
2.737078227831079014e-01
2.696121368254854045e-01
2.656395475662833294e-01
2.617956588171553300e-01
2.580862211674109785e-01
2.545171133226988847e-01
2.510943193870427415e-01
2.478239018323984133e-01
2.447119699710533780e-01
2.815401815533167262e-01
2.771220129289162504e-01
2.728136343864781543e-01
2.686203287192162614e-01
2.645475679947827397e-01
2.606010040260108851e-01
2.567864554517166331e-01
2.531098910438325800e-01
2.495774088768097365e-01
2.461952110334068855e-01
2.429695735819167590e-01
2.399068116457938049e-01
2.765515536594353452e-01
2.721512460231520492e-01
2.678633465577812678e-01
2.636933389052342203e-01
2.596469032619636574e-01
2.557299055658943110e-01
2.519483829371103600e-01
2.483085249547331563e-01
2.448166503782693570e-01
2.414791789706787206e-01
2.383025981540071725e-01
2.352934243327279573e-01
2.717223529028400808e-01
2.673431850774469209e-01
2.630791762651319976e-01
2.589360156447842454e-01
2.549195956538620189e-01
2.510359996800086702e-01
2.472914856177367282e-01
2.436924648391702863e-01
2.402454761622646595e-01
2.369571544607795843e-01
2.338341936512835229e-01
2.308833039169639889e-01
2.670612280655647597e-01
2.627067637804407774e-01
2.584703479565245710e-01
2.543578790724240202e-01
2.503754647651407761e-01
2.465294077857013988e-01
2.428261873988280528e-01
2.392724357439010852e-01
2.358749087199783767e-01
2.326404510337219400e-01
2.295759551594393766e-01
2.266883141104505395e-01
2.625771300740916692e-01
2.582512267112149207e-01
2.540464048051607193e-01
2.499687747053253861e-01
2.460246607509349315e-01
2.422205852198018039e-01
2.385632472689534767e-01
2.350594963567078921e-01
2.317162996945042741e-01
2.285407033712487102e-01
2.255397869277602219e-01
2.227206113364698925e-01
