1.599827672777991705e-01
1.430785112719562269e-01
1.261659981084744808e-01
1.093405819330634382e-01
9.271415919816972107e-02
7.643023649922463247e-02
6.070217278332308564e-02
4.592056861877642088e-02
3.299080467739254341e-02
2.432314443451326011e-02
2.408762003809841387e-02
3.180390066254866477e-02
1.561817285241300646e-01
1.390927957398848114e-01
1.219450833558085728e-01
1.048119748382900368e-01
8.776825244641812962e-02
7.089028060840649181e-02
5.425871446862540887e-02
3.797097745177087369e-02
2.221022676748354505e-02
8.112760391199309168e-03
1.098987723243576714e-02
2.480109424827317902e-02
1.543340882658731927e-01
1.373390847601842490e-01
1.202981789265884643e-01
1.032906094768946265e-01
8.640125455676185562e-02
6.972564318653441673e-02
5.338589885493159187e-02
3.758800816172513243e-02
2.289852796383851780e-02
1.231433778802179697e-02
1.600214972666684499e-02
2.818709864119721062e-02
1.544735710642020643e-01
1.378604569395977530e-01
1.212807661375912144e-01
1.048485450460179824e-01
8.870708690063576485e-02
7.305643804343443792e-02
5.821975439750368131e-02
4.481355289472747916e-02
3.417110580353659860e-02
2.889687111567183428e-02
3.117515883687680539e-02
3.918516113874187523e-02
1.565236696591211785e-01
1.405502727267576857e-01
1.247371376290070943e-01
1.092454872533729637e-01
9.428937443815042785e-02
8.017391326406718421e-02
6.736498154363053381e-02
5.659990956879306506e-02
4.897880686416480195e-02
4.573668412361184960e-02
4.737533103005145407e-02
5.305261212109421698e-02
1.603085175150036068e-01
1.451721672856613743e-01
1.303393304069593028e-01
1.160098516628338267e-01
1.024440530437977920e-01
8.999114711014599699e-02
7.912362986898172079e-02
7.045568037908786496e-02
6.468243067868162388e-02
6.235692748700254889e-02
6.356661053181293652e-02
6.782154813036654628e-02
1.655804566618711560e-01
1.514054652126100575e-01
1.376649819578159017e-01
1.245774426657220019e-01
1.124136183711205994e-01
1.015082034352160351e-01
9.226254838471077691e-02
8.512028588280498576e-02
8.049198214430433596e-02
7.862728126292475861e-02
7.949548587389186627e-02
8.277156847822834951e-02
1.720542294461528954e-01
1.588963646237332716e-01
1.462743501397342494e-01
1.344052571452666045e-01
1.235430256157895035e-01
1.139773174477070605e-01
1.060210097985141431e-01
9.997819153384125690e-02
9.608913903482652064e-02
9.446441523400342377e-02
9.503956055272261283e-02
9.758112457422177255e-02
