5.512716209910258902e-01
6.772520033182671817e-01
7.780662444105855835e-01
8.155977441700776875e-01
7.852791590684534695e-01
7.152326203720030806e-01
6.355215026378301379e-01
5.624540522571079837e-01
4.153492215251157749e-01
5.654195863266201494e-01
6.954171486941296276e-01
7.118463588300572020e-01
6.307673966820777078e-01
5.308606456602983359e-01
4.490797850268614111e-01
3.890599785747956840e-01
2.387683777178383204e-01
3.396425772535673349e-01
4.577353823171754765e-01
3.954920932803905886e-01
2.990038848954939543e-01
2.464282723251192408e-01
2.189319415529084878e-01
2.032600478403279731e-01
3.440695825140389075e-01
4.690875303545475328e-01
3.742481229779513363e+00
2.910473594671806885e-01
5.773450926037819453e-02
1.752284325401214440e-02
5.433723045370217331e-02
7.611534263169197900e-02
9.573687724645773001e-01
1.529232254055393092e+00
1.484970743241311064e+00
5.087870237464985346e-01
1.703873275742972537e-01
8.651320872345424906e-02
6.693485997383796793e-02
6.554672689907965755e-02
1.191510484653398816e+00
1.350409027506980664e+00
1.213051899303088099e+00
8.324371546900743990e-01
5.034896073849512987e-01
3.092738716484326744e-01
2.060936925939658437e-01
1.517916679090416665e-01
