2.261862740707246966e-01
2.193387868230709248e-01
2.125741196464456806e-01
2.059004356317487017e-01
1.993268736388862927e-01
1.928636716113083238e-01
1.865223021827843164e-01
1.803156196982653170e-01
1.742580164991048286e-01
1.683655844662653445e-01
1.626562752019140023e-01
1.571500486919648332e-01
2.261241778390812029e-01
2.192541890283784267e-01
2.124656092665686558e-01
2.057664961721599461e-01
1.991658778113230555e-01
1.926738771426169394e-01
1.863018494095372291e-01
1.800625318190592905e-01
1.739702036217668224e-01
1.680408528981526539e-01
1.622923437772357813e-01
1.567445742796511887e-01
2.260697269088265959e-01
2.191774618974244304e-01
2.123652002904328484e-01
2.056408930549201153e-01
1.990134558513181884e-01
1.924928945046384676e-01
1.860904440617381084e-01
1.798187209910174222e-01
1.736918869090560702e-01
1.677258204589870405e-01
1.619382914282030683e-01
1.563491276731626412e-01
2.260229268054336771e-01
2.191086136986341026e-01
2.122729042143809142e-01
2.055236415639601077e-01
1.988696274729891966e-01
1.923207485743807232e-01
1.858881170075259992e-01
1.795842249988282846e-01
1.734231120804947124e-01
1.674205419008482632e-01
1.615941830898979525e-01
1.559637851491152971e-01
2.259837822822472198e-01
2.190476518611956525e-01
2.121887316250587185e-01
2.054147560006994166e-01
1.987344113344098051e-01
1.921574631011618850e-01
1.856948979211403283e-01
1.793590803774465781e-01
1.731639235671592891e-01
1.671250706744365488e-01
1.612600824200723648e-01
1.555886217811330574e-01
2.259522973180712602e-01
2.189945829711403280e-01
2.121126921933824683e-01
2.053142496754042923e-01
1.986078250257512223e-01
1.920030606906327764e-01
1.855108152618464845e-01
1.791433223848679090e-01
1.729143644770258226e-01
1.668394588858666816e-01
1.609360517460185491e-01
1.552237113758546949e-01
2.259284751151734993e-01
2.189494127677241164e-01
2.120447946690197094e-01
2.052221348991190020e-01
1.984898850579271123e-01
1.918575627894241187e-01
1.853358962535736065e-01
1.789369849756115294e-01
1.726744765610785659e-01
1.665637572539477862e-01
1.606221520117812052e-01
1.548691264089326336e-01
2.259123180976484180e-01
2.189121461403920055e-01
2.119850468753873285e-01
2.051384229761969991e-01
1.983806068520573007e-01
1.917209896705475702e-01
1.851701668653613075e-01
1.787401007750324122e-01
1.724443001801514164e-01
1.662980150681573066e-01
1.603184427257926259e-01
1.545249379610613427e-01
