2.567949587240411002e+00
2.178992256184161036e+00
2.187133801149298673e+00
2.145678671274314553e+00
2.391605732819295671e+00
2.331166016947603836e+00
2.248401273759788488e+00
2.332316408609732328e+00
2.720281541908968759e+00
2.727325043150007566e+00
2.624789882476244784e+00
2.943406104938406820e+00
2.390146910713460748e+00
2.386538774472968250e+00
2.126968189440051837e+00
2.222099892715641456e+00
2.204011748461114362e+00
2.059302420098758635e+00
2.326575132324920414e+00
2.284614773116389497e+00
2.483770649199096070e+00
2.756876865929724030e+00
2.664592666610723359e+00
3.032255727493159636e+00
2.527226411146273666e+00
2.294903806443234551e+00
2.185335812553383494e+00
2.142862281826454218e+00
2.270526188657353561e+00
2.102039344615856731e+00
2.344534593427322733e+00
2.361857935477447601e+00
2.582101823690024833e+00
2.654402230446965660e+00
2.678915033057522432e+00
2.880467485504216718e+00
2.520329567947678040e+00
2.259465255532894901e+00
2.126715186813790126e+00
2.170197737962095808e+00
2.238717079947794453e+00
2.076303036294375737e+00
2.136942557459950542e+00
2.247466367352384253e+00
2.493939107854224346e+00
2.671319750579177921e+00
2.688102274823640503e+00
2.877555498040231363e+00
2.708409229109443039e+00
2.528932102773667090e+00
2.320200809149900234e+00
2.155398998552524592e+00
2.337777435733866760e+00
2.381897161522613438e+00
2.358223157102917966e+00
2.411673661745808328e+00
2.780015497251394851e+00
2.774771570546149313e+00
2.736913440766985950e+00
2.914937649659757213e+00
2.691515253872406532e+00
2.446950213088037174e+00
2.321193633652456789e+00
2.094656382310950971e+00
2.170738294151714154e+00
2.112603697842574846e+00
2.257990191740756103e+00
2.306379556164414701e+00
2.513679175866740945e+00
2.724022837301925293e+00
2.820666682739346509e+00
3.071804088607016592e+00
2.711099432055508629e+00
2.647307057271609310e+00
2.376451977658541992e+00
2.086675636156001268e+00
2.267437936654905339e+00
2.309010131576889613e+00
2.260797784006752575e+00
2.342957223679020817e+00
2.604674770999400479e+00
2.685531043468703416e+00
2.750326417513576427e+00
3.035069254537910766e+00
2.756465557017673706e+00
2.581792243848014312e+00
2.165988495211729870e+00
1.949562014468295246e+00
2.137582699164385147e+00
2.202251415742511487e+00
2.142868705423216724e+00
2.348322888420783183e+00
2.576902847251378414e+00
2.643455628912357636e+00
2.967351180814079115e+00
3.062280365872264376e+00
