1.459659866710132925e-01
1.532142283718845865e-01
1.604582720599595502e-01
1.675305333345851189e-01
1.742848186364747420e-01
1.805946504789147922e-01
1.863516847000339094e-01
1.914643766898929955e-01
1.958569073248652426e-01
1.994683141905559398e-01
2.022517529746059861e-01
2.041738164529969257e-01
1.502691284376149738e-01
1.567790324549361014e-01
1.633208691196694207e-01
1.697329836401544889e-01
1.758723187438463731e-01
1.816137554616895911e-01
1.868492092875028987e-01
1.914867198633007361e-01
1.954496239980408057e-01
1.986758200150941511e-01
2.011170937714710782e-01
2.027384642437085049e-01
1.545289907548887953e-01
1.603222695193178560e-01
1.661745581691888574e-01
1.719320057476318442e-01
1.774564923970020913e-01
1.826258303741794820e-01
1.873334933297974014e-01
1.914881401097469904e-01
1.950130686051962936e-01
1.978456531627046933e-01
1.999367726242388399e-01
2.012502148042429329e-01
1.586930187284553984e-01
1.637959594829633825e-01
1.689770522080013826e-01
1.740914860308348244e-01
1.790074330737694286e-01
1.836069228575052947e-01
1.877861169757297222e-01
1.914552395354967851e-01
1.945383173424417578e-01
1.969728102212087439e-01
1.987091658667758665e-01
1.997103072740972762e-01
1.627177030355228815e-01
1.671595634650480666e-01
1.716919968358271709e-01
1.761799313735137040e-01
1.804987685473539161e-01
1.845357440317094422e-01
1.881906398541119685e-01
1.913760697782700138e-01
1.940174888435016176e-01
1.960530195275169418e-01
1.974331456635888271e-01
1.981202985756272406e-01
1.665679154125556116e-01
1.703796968978724680e-01
1.742889456914827884e-01
1.781706022423268088e-01
1.819078708922468868e-01
1.853938997357757745e-01
1.885328192002958259e-01
1.912403176394525395e-01
1.934438885825130738e-01
1.950828421768362742e-01
1.961081396048278691e-01
1.964820857050239566e-01
1.702161317136233198e-01
1.734296629630605602e-01
1.767431351865956790e-01
1.800414534940301403e-01
1.832158979899145002e-01
1.861659827962444114e-01
1.888007178978080569e-01
1.910394068606321161e-01
1.928120917445847182e-01
1.940597298220800848e-01
1.947341616427892830e-01
1.947979109120364094e-01
1.736416124687304441e-01
1.762888789494800046e-01
1.790351208980672792e-01
1.817749311926084854e-01
1.844077012775406366e-01
1.868395497031193897e-01
1.889847181180286384e-01
1.907665260607330215e-01
1.921179706264074527e-01
1.929820429345693034e-01
1.933118168489489641e-01
1.930703512801679733e-01
