2.689475981186069579e-07
2.735718407931917064e-07
2.789712302376081249e-07
2.851017341749681768e-07
2.919172965543203515e-07
2.993711300824509642e-07
3.074168179227396705e-07
3.160091418492542279e-07
3.251047720396897589e-07
3.346626728500389730e-07
3.446443825793678972e-07
3.550141601064634155e-07
2.913443197661463935e-07
2.968953666960825078e-07
3.031284512336570373e-07
3.100024428801876307e-07
3.174757019152223593e-07
3.255069796039954324e-07
3.340560119337237491e-07
3.430841015603201025e-07
3.525544472098802078e-07
3.624323834061540572e-07
3.726855011347888518e-07
3.832836926655511361e-07
3.149766214411625558e-07
3.212977138886243435e-07
3.282206927962320726e-07
3.357083314298847987e-07
3.437237240785234674e-07
3.522308473036923079e-07
3.611949653498762545e-07
3.705828948990680239e-07
3.803632837720095949e-07
3.905066235724567350e-07
4.009853767629125711e-07
4.117739510215249860e-07
3.395866595569902207e-07
3.465510687768667488e-07
3.540492152029205946e-07
3.620479448514481553e-07
3.705148220432420599e-07
3.794185115189785068e-07
3.887290101590224646e-07
3.984177784990139264e-07
4.084579150320606733e-07
4.188241572814459461e-07
4.294928773328642783e-07
4.404420936263860136e-07
3.649766769744858781e-07
3.724823905287973205e-07
3.804641043998855429e-07
3.888925297911313129e-07
3.977392693406466432e-07
4.069770249455011226e-07
4.165798106625171836e-07
4.265229513119550294e-07
4.367832192442214111e-07
4.473387725143186436e-07
4.581692300860328108e-07
4.692555367526593563e-07
3.909947753049499590e-07
3.989594829361553658e-07
4.073512998411148921e-07
4.161443896681251418e-07
4.253138521596790366e-07
4.348358919660534825e-07
4.446878630543826624e-07
4.548483217343400020e-07
4.652970438614732025e-07
4.760150687899090979e-07
4.869846143764120637e-07
4.981890468572926568e-07
4.175235458611529775e-07
4.258805821515679096e-07
4.346231594815454117e-07
4.437284705920064929e-07
4.531746781189295169e-07
4.629408883386674165e-07
4.730073009158615985e-07
4.833551583477244619e-07
4.939667624948487997e-07
5.048254929354669527e-07
5.159157270557946835e-07
5.272228738707402064e-07
4.444715615970266269e-07
4.531665521372499499e-07
4.622115827891929077e-07
4.715864936293470548e-07
4.812720148088694222e-07
4.912497789495185310e-07
5.015023319530027736e-07
5.120131653633368308e-07
5.227667137576504867e-07
5.337483081739721781e-07
5.449441486054746289e-07
5.563413071542158945e-07
