1.531746004737974953e-01
1.635424025686207095e-01
1.515780521029859995e-01
1.647187701192010245e-01
9.507027436300334589e-02
3.423276062028458855e-02
2.502593983508357711e-01
2.275321437555890836e-01
1.871744788812928773e-01
1.884717523904503311e-01
5.764269797242397436e-02
4.105035835545922662e-01
1.703877422532004415e-01
1.815209368421097369e-01
1.521464510768677225e-01
1.394467186146556778e-02
2.053643419330944131e-01
1.865434419092782126e-01
3.006746568934077768e-01
2.466474327752153917e-01
3.381000367915889537e-01
2.239412488868960105e-01
3.525722621455096850e-01
4.517960970835471213e-01
2.712834811658148548e-01
7.990068276622415422e-02
1.638946070490348295e-01
1.189830002739574871e-01
1.790475003641558982e-01
8.788263030593035374e-02
2.246698069699157307e-01
4.387997198630680384e-01
3.021512865657164371e-01
1.756796139768297127e-01
1.405555442575875946e-01
5.971232334344028780e-01
2.865383218786420882e-01
1.831599694106411935e-01
1.625123977186893887e-01
8.429507698985057307e-02
1.708659031447900545e-01
1.053750367612547867e-01
2.051086107263479785e-01
1.456270686360241207e-01
2.237305306927656057e-01
6.522581654781699212e-02
1.258230620170142366e-01
4.638998089454035578e-01
3.177583178942298692e-01
7.953241354731777069e-02
3.173430399633109938e-02
1.665191605402248642e-01
2.542612005449489399e-01
3.540698694135619995e-01
3.519399952231525019e-01
4.405902345415050880e-01
2.032128161046767301e-01
2.510221031669663261e-01
4.445479103277534538e-02
3.364985833750063215e-01
1.593937754285677799e-01
1.110619069821412869e-01
9.394450526629281872e-02
1.145187697458654313e-01
2.080629785410674504e-01
1.743162271135021701e-01
3.488339023128347316e-01
3.450287229893592711e-01
2.632624258104487858e-01
1.803678180116558560e-01
2.647969625139064420e-01
4.904924007080521675e-01
3.296272124162933914e-01
1.291669073671285473e-01
5.635431348967631648e-02
1.991867000080850547e-01
1.064115837130842485e-01
2.737899436488607230e-01
1.494197199210457738e-01
3.266218036873682617e-01
1.692750354034175952e-01
2.769570877492249020e-02
2.640287709671574334e-01
5.623602108603444893e-01
2.968189236726423985e-01
2.301393982995164345e-01
1.037906684537552582e-01
1.357611908400240264e-01
1.732617388926095403e-01
8.758614517634800978e-02
2.457274269102712461e-01
1.477113334678891166e-01
1.035418410460441502e-01
7.052358371984107643e-02
3.430647921203622830e-01
5.491303034513849157e-01
