0.000000000000000000e+00
8.537736462515938709e-07
0.000000000000000000e+00
0.000000000000000000e+00
0.000000000000000000e+00
8.537736462515938709e-07
0.000000000000000000e+00
8.537736462515938709e-07
0.000000000000000000e+00
0.000000000000000000e+00
0.000000000000000000e+00
8.537736462515938709e-07
0.000000000000000000e+00
0.000000000000000000e+00
0.000000000000000000e+00
0.000000000000000000e+00
0.000000000000000000e+00
0.000000000000000000e+00
0.000000000000000000e+00
0.000000000000000000e+00
8.537736462515938709e-07
0.000000000000000000e+00
0.000000000000000000e+00
0.000000000000000000e+00
0.000000000000000000e+00
0.000000000000000000e+00
0.000000000000000000e+00
0.000000000000000000e+00
0.000000000000000000e+00
8.537736462515938709e-07
0.000000000000000000e+00
0.000000000000000000e+00
0.000000000000000000e+00
8.537736462515938709e-07
0.000000000000000000e+00
0.000000000000000000e+00
0.000000000000000000e+00
0.000000000000000000e+00
8.537736462515938709e-07
0.000000000000000000e+00
0.000000000000000000e+00
0.000000000000000000e+00
8.537736462515938709e-07
8.537736462515938709e-07
0.000000000000000000e+00
0.000000000000000000e+00
0.000000000000000000e+00
0.000000000000000000e+00
0.000000000000000000e+00
8.537736462515938709e-07
8.537736462515938709e-07
8.537736462515938709e-07
0.000000000000000000e+00
0.000000000000000000e+00
8.537736462515938709e-07
0.000000000000000000e+00
0.000000000000000000e+00
0.000000000000000000e+00
1.207418269725733345e-06
0.000000000000000000e+00
0.000000000000000000e+00
0.000000000000000000e+00
0.000000000000000000e+00
8.537736462515938709e-07
0.000000000000000000e+00
0.000000000000000000e+00
0.000000000000000000e+00
8.537736462515938709e-07
0.000000000000000000e+00
0.000000000000000000e+00
1.207418269725733345e-06
0.000000000000000000e+00
0.000000000000000000e+00
0.000000000000000000e+00
8.537736462515938709e-07
0.000000000000000000e+00
0.000000000000000000e+00
0.000000000000000000e+00
0.000000000000000000e+00
8.537736462515938709e-07
0.000000000000000000e+00
0.000000000000000000e+00
0.000000000000000000e+00
8.537736462515938709e-07
0.000000000000000000e+00
0.000000000000000000e+00
0.000000000000000000e+00
1.207418269725733345e-06
0.000000000000000000e+00
0.000000000000000000e+00
0.000000000000000000e+00
0.000000000000000000e+00
0.000000000000000000e+00
0.000000000000000000e+00
0.000000000000000000e+00
0.000000000000000000e+00
