4.362035875030050303e-01
4.684236526643976162e-01
6.886889539892889767e-01
1.140761836380562277e+00
1.282213311678514156e+00
1.482535109721301536e+00
1.237090556030766564e+00
1.715935547996229271e+00
9.908023999777095803e-01
6.286590963703744261e-01
6.170895821081010535e-01
6.182547286162769495e-01
7.029431236663473692e-01
1.057422360553339047e+00
1.513503963630406846e+00
1.691031232020226316e+00
1.517693175078016043e+00
8.015146114565896429e-01
2.407239068400476301e-01
3.171379178897033579e-01
1.177894521116341187e+00
1.860253973789700588e+00
1.973010179523761343e+00
2.359002012863208098e+00
2.295205873156567655e+00
1.558003214994708951e+00
3.475336529097075022e-01
4.205776886649211233e-01
1.462653858172640486e+00
2.350910919807891464e+00
3.522128720412306180e+00
2.899630275601896123e+00
3.127289108853564148e+00
2.350994169256214406e+00
1.367594467115794243e+00
7.265412918705302925e-01
9.629152696687534041e-01
2.270892000508878183e+00
2.582712412638210608e+00
4.642825830233832107e+00
4.591328570785488949e+00
2.719810800104093929e+00
1.260847981123981221e+00
5.284589127592762559e-01
1.010979280336311570e+00
1.532682312949728010e+00
3.317154824269174629e+00
3.459042915612681846e+00
