4.886457107235628317e-01
5.250851017471600546e-01
5.453632849654387327e-01
5.307602760422346355e-01
4.748645208583886501e-01
3.964879794924449641e-01
3.224585624884214186e-01
2.662007958238868932e-01
6.081973727938297936e-01
6.948717532387774787e-01
7.689209239512875271e-01
7.641056271620044749e-01
6.333346943864909262e-01
4.499790131159182027e-01
3.080712672687520581e-01
2.237853355220683627e-01
7.241453653505158794e-01
9.040158932395366831e-01
1.150849124372399501e+00
1.283189440632210854e+00
9.098897728521666561e-01
4.225343727555494477e-01
1.897432811384336948e-01
1.058774579981928282e-01
7.698144191847470230e-01
1.027849010235942107e+00
1.607620195361477267e+00
2.981721888072015325e+00
1.209760895813171366e+00
7.704681272902258460e-02
1.577570386095809574e-01
1.193499082374625819e-01
6.757852386468282679e-01
8.289930067182830209e-01
1.105078095071667654e+00
1.140017261566993456e+00
5.194105958093612863e+00
1.373439771057222147e+00
6.763938142553432842e-01
4.030695729252458670e-01
4.777830817725218226e-01
4.272455754802184646e-01
1.543196506299422122e-01
8.557521508077522432e-01
1.988648554677175717e+00
1.510715181250153361e+00
9.398978112284109843e-01
6.078566820000418369e-01
