1.451657859382862181e-01
2.010928450547440627e-01
2.847992989340152326e-01
3.812702322720645243e-01
4.102738546187285618e-01
3.235207262885797519e-01
2.119459157612090250e-01
1.343762794512962655e-01
1.082767020246421380e-01
1.677768995678045050e-01
2.936010619091617424e-01
5.611848655941986674e-01
7.738760213572762892e-01
4.733165141023655820e-01
2.290348243094305625e-01
1.234919657867638437e-01
3.287349170667464709e-02
5.381534250239485007e-02
1.138534339347978958e-01
4.171233729228215892e-01
3.074267739096642860e+00
3.782249043522511456e-01
1.159746933781601597e-01
5.859066403215889424e-02
6.361661228441405080e-02
1.077604915107786554e-01
2.200848538039722746e-01
6.485619986853456975e-01
1.963794072971442262e+00
4.943121827591881456e-01
1.357142406871711948e-01
5.096718629830482294e-02
1.475260643275365657e-01
2.262003564653907728e-01
3.752789445665139501e-01
6.378839341123387907e-01
8.146482033829776093e-01
5.549335238996687680e-01
2.820212842518673435e-01
1.453386122177878215e-01
2.005170111945202560e-01
2.759160367524971513e-01
3.818533729476832894e-01
4.974112229262496188e-01
5.386465990938693604e-01
4.464957876630200051e-01
3.049031101492166718e-01
1.940204273423140058e-01
