5.413703052729705329e-07
4.444340394254745527e-07
3.127688276454913514e-07
1.688855965352962465e-07
5.191110123682189857e-08
1.114000057662430538e-08
2.271802203736707261e-08
1.762022201821229155e-09
5.867367276751637788e-07
4.868977517498601034e-07
3.236281802533529633e-07
1.268962181542665077e-07
2.175376574817204802e-08
7.271926812851321215e-08
5.070124417030254868e-08
1.156794734528255581e-09
6.384900433393725307e-07
5.536415645695647353e-07
3.537479266782662864e-07
5.264355524184452800e-08
1.448198046886400885e-07
1.421006855537485356e-07
5.482471592140295094e-08
3.566260979700754954e-08
6.803503219642965861e-07
6.501800269716888846e-07
4.506733133224694123e-07
1.136608976719901457e-07
3.667767942719212101e-07
1.720784663227554562e-07
7.515273973614716355e-09
1.224035225674156736e-07
6.752553941890674885e-07
7.298342269479606767e-07
7.626958860730438060e-07
7.803601357317175586e-07
5.494195109268542898e-07
6.960975266492056381e-09
1.851257847452650060e-07
2.681762404245101251e-07
5.978806080066934523e-07
6.699380549503856946e-07
9.009942403034562220e-07
1.864758992914741187e-06
5.779870754440805609e-07
4.414055817808302724e-07
4.346423149234842975e-07
4.392994679456248776e-07
