2.585476849435079313e-03
2.310269459297565470e-02
8.282586229096240704e-02
1.778234129332943725e-01
2.776593088536660203e-01
3.428214744826753035e-01
3.657762175349363321e-01
3.623750085420160416e-01
1.654916465346924909e-02
2.216553494160554503e-03
7.532415778801868078e-02
2.238062516524871037e-01
3.745639419668989056e-01
4.342954973361531357e-01
4.244079812930983131e-01
3.926814207473791618e-01
3.454788827342059054e-02
3.818728388531952844e-02
3.495569311088827374e-02
3.119199391721440562e-01
5.719331220500709634e-01
5.546141957724578520e-01
4.704183081379603171e-01
4.027055031468306234e-01
5.273409580531473323e-02
1.045389420066804437e-01
1.343001931151275585e-01
5.236837370544902281e-01
1.002410458062430676e+00
6.268484352193950393e-01
4.584146059451130184e-01
3.740760157536239250e-01
6.186997007795536768e-02
1.642898054164414479e-01
4.583269963075817244e-01
3.507130729469607466e+00
7.134277119572076664e-01
4.518436028577376695e-01
3.524933434884253147e-01
3.015946662122522270e-01
5.565715752369931879e-02
1.608772690126749616e-01
3.786125971471344664e-01
5.372929387080330743e-01
4.820337352085412447e-02
1.608121864820578617e-01
2.015240531717649719e-01
2.066076008819521526e-01
