3.369961429261128516e-01
4.222126105454993006e-01
5.116296966094929788e-01
5.859725909587354398e-01
6.206374572588811978e-01
6.024518261804912012e-01
5.412244233401745097e-01
4.601452435081253567e-01
2.170211737109514760e-01
3.051504237124073038e-01
4.188372037963444261e-01
5.305769042527104240e-01
5.746143635636558056e-01
5.133838289846229808e-01
3.964880422011430317e-01
2.856057864355597276e-01
9.324461663026700764e-02
1.472651987738981816e-01
2.451406126777356531e-01
3.967741677897547725e-01
4.202305806321003367e-01
2.086959823928435098e-01
6.573059224843272319e-02
5.909564467719495909e-03
9.603475759343033102e-02
1.412905124437353332e-01
2.376813304787224190e-01
5.841447369438820258e-01
2.032785931729321760e+00
4.128413244083344869e-01
2.410208447167403178e-01
1.755084129980258867e-01
2.932728124962937222e-01
4.291897271447032147e-01
6.642129865352623952e-01
9.712563145765817918e-01
8.802722120219149682e-01
3.938622953896401824e-01
1.146544325268579329e-01
3.033806575828965676e-03
5.011260858244553917e-01
6.370433918279886365e-01
7.812791269731947930e-01
8.659377766143638855e-01
8.060300172093095572e-01
6.193321896018120221e-01
4.144525433277305715e-01
2.567045622299926055e-01
