7.211511942141946019e-01
9.547090147345691502e-01
1.243290578617861186e+00
1.573902983425534474e+00
1.899393845317453033e+00
2.133921914700584122e+00
2.192130372083840761e+00
2.057060133375126387e+00
5.828941316203226641e-01
8.404598834705239163e-01
1.200734267112486986e+00
1.679762401884181244e+00
2.228735423060448806e+00
2.659489610875502397e+00
2.719029941893650992e+00
2.382857842814423144e+00
3.683415131883403526e-01
6.080526771351756343e-01
1.001334358397837576e+00
1.659351419228147773e+00
2.676891951523111324e+00
3.712046933470120269e+00
3.708543887032691000e+00
2.719544221607915091e+00
8.186722467805904180e-02
2.244863305051743030e-01
4.991670067703612990e-01
1.113967600373926503e+00
2.771894470916017816e+00
6.755395714614619074e+00
5.740538130277190731e+00
2.325419837298158487e+00
2.208423237123509630e-01
2.380743976023985686e-01
2.742773816277275234e-01
3.700678664763398795e-01
7.758305423660023514e-01
1.014609623021400431e+01
2.352407254843096318e+00
5.886671503648022163e-01
4.475003927907842405e-01
5.852999524940564191e-01
8.486511914154822867e-01
1.416566415896310271e+00
2.752059521866271119e+00
4.825662274322976231e+00
3.947102539884945749e+00
2.115834203930288648e+00
