3.175920031761977161e-07
3.887876712404373940e-07
4.573014458623205149e-07
4.947585028346063752e-07
4.743730339791555512e-07
4.024815061758281564e-07
3.131386779265815985e-07
2.334478435544114925e-07
2.122939722139023545e-07
2.789604612412387248e-07
3.624451252084986596e-07
4.332510103839338326e-07
4.299512870845609587e-07
3.411890923018080448e-07
2.339114198201663531e-07
1.525660625738500559e-07
1.070941778928643113e-07
1.465658966939997795e-07
2.112977488409794175e-07
3.013163279101644483e-07
3.333652757872275368e-07
2.213795724215704124e-07
1.074400073590871773e-07
4.869324789485336423e-08
3.699710114980533330e-08
4.518947863426933067e-08
5.779531872177867594e-08
7.453242447758659496e-08
3.541514058486533273e-08
9.369739401838991416e-08
7.215441625255101172e-08
4.946551937918023790e-08
2.654624846803755228e-08
3.389056520230870996e-08
4.814986396065740478e-08
8.609952050042876185e-08
3.398305128370527260e-07
2.079821562519880659e-07
2.101826576117734537e-08
1.919944335456263258e-08
6.717930100408387892e-08
9.983357334917892196e-08
1.657644982668898986e-07
3.235844870925553040e-07
7.524399787935635220e-07
1.164035481850507746e-06
5.705833303951836192e-07
2.478050747122393714e-07
