1679663154.409596
1679663154.435435
1679663154.445330
1679663154.450085
1679663154.455821
1679663154.485775
1679663154.517757
1679663154.554485
1679663154.585768
1679663154.617812
1679663154.653992
1679663154.685863
1679663154.722536
1679663154.753898
1679663154.785812
1679663154.826179
1679663154.853813
1679663154.894156
1679663154.921910
1679663154.953826
1679663154.990506
1679663155.021854
1679663155.053777
1679663155.089828
1679663155.121855
1679663155.157830
1679663155.189862
1679663155.221937
1679663155.258469
1679663155.289842
1679663155.321851
1679663155.357872
1679663155.389812
1679663155.425876
1679663155.457785
1679663155.489818
1679663155.525784
1679663155.557772
1679663155.591818
1679663155.625880
1679663155.657901
1679663155.693774
1679663155.725839
1679663155.757877
1679663155.793779
1679663155.825990
1679663155.858290
1679663155.893829
1679663155.925867
1679663155.962259
1679663155.993787
1679663156.025856
1679663156.062240
1679663156.093879
1679663156.130310
1679663156.161794
1679663156.193890
1679663156.230324
1679663156.261770
1679663156.293852
1679663156.329773
1679663156.363934
1679663156.397901
1679663156.429810
1679663156.461746
1679663156.497818
1679663156.529822
1679663156.561725
1679663156.597909
1679663156.629802
1679663156.665806
1679663156.697994
1679663156.729910
1679663156.765768
1679663156.797727
1679663156.830476
1679663156.865822
1679663156.898247
1679663156.933805
1679663156.966503
1679663156.997851
1679663157.033781
1679663157.065853
1679663157.101951
1679663157.135935
1679663157.165937
1679663157.205109
1679663157.233925
1679663157.266298
1679663157.301771
1679663157.333811
1679663157.369905
1679663157.401861
1679663157.433805
1679663157.469874
1679663157.501811
1679663157.534300
1679663157.569769
1679663157.601752
1679663157.637729
1679663157.669760
1679663157.701769
1679663157.737736
1679663157.769756
1679663157.801806
1679663157.837747
1679663157.869808
1679663157.905721
1679663157.937741
1679663157.969786
1679663158.005768
1679663158.037791
1679663158.073798
1679663158.106135
1679663158.137730
1679663158.174213
1679663158.205798
1679663158.238115
1679663158.273809
1679663158.305730
1679663158.341782
1679663158.373774
1679663158.405696
1679663158.441850
1679663158.473850
1679663158.505763
1679663158.541898
1679663158.574195
1679663158.609762
1679663158.642316
1679663158.677007
1679663158.709888
1679663158.741938
1679663158.774257
1679663158.809791
1679663158.841696
1679663158.877713
1679663158.909747
1679663158.942308
1679663158.977824
1679663159.010156
1679663159.045870
1679663159.077710
1679663159.110191
1679663159.145821
1679663159.177854
1679663159.209863
1679663159.245906
1679663159.277790
1679663159.313763
1679663159.345769
1679663159.377741
1679663159.413952
1679663159.448845
1679663159.477805
1679663159.516939
1679663159.545843
1679663159.581885
1679663159.613846
1679663159.645904
1679663159.681895
1679663159.714240
1679663159.745789
1679663159.781798
1679663159.813724
1679663159.849781
1679663159.881825
1679663159.913752
1679663159.949760
1679663159.982099
1679663160.017716
1679663160.049790
1679663160.082065
1679663160.117714
1679663160.150052
1679663160.181704
1679663160.221859
1679663160.249713
1679663160.290594
1679663160.317699
1679663160.349810
1679663160.385772
1679663160.417671
1679663160.449714
1679663160.485754
1679663160.517711
1679663160.553758
1679663160.586328
1679663160.617730
1679663160.653769
1679663160.685759
1679663160.717695
1679663160.754068
1679663160.785749
1679663160.821790
1679663160.854506
1679663160.885778
1679663160.921652
1679663160.953672
1679663160.989700
1679663161.021697
1679663161.053701
1679663161.089683
1679663161.122369
1679663161.153671
1679663161.189698
1679663161.221731
1679663161.257767
1679663161.289805
1679663161.321806
1679663161.357824
1679663161.389835
1679663161.421794
1679663161.457815
1679663161.489690
1679663161.526278
1679663161.557789
1679663161.589873
1679663161.625758
1679663161.657834
1679663161.689780
1679663161.725708
1679663161.761326
1679663161.793778
1679663161.825763
1679663161.857693
1679663161.893779
1679663161.925782
1679663161.961718
1679663161.993773
1679663162.025660
1679663162.061751
1679663162.093729
1679663162.125830
1679663162.161690
1679663162.193769
1679663162.230376
1679663162.261761
1679663162.293665
1679663162.329832
1679663162.362215
1679663162.393700
1679663162.430273
1679663162.461659
1679663162.497827
1679663162.533869
1679663162.561725
1679663162.600411
1679663162.629743
1679663162.661696
1679663162.697776
1679663162.729903
1679663162.765926
1679663162.797878
1679663162.829809
1679663162.866359
1679663162.897682
1679663162.933723
1679663162.965791
1679663162.997744
1679663163.033665
1679663163.065682
1679663163.097814
1679663163.133803
1679663163.165749
1679663163.201776
1679663163.234431
1679663163.265734
1679663163.301654
1679663163.333715
1679663163.365720
1679663163.402244
1679663163.433791
1679663163.469849
1679663163.501748
1679663163.533831
1679663163.570259
1679663163.601775
1679663163.634243
1679663163.669802
1679663163.702213
1679663163.737805
1679663163.769795
1679663163.801756
1679663163.837834
1679663163.869792
1679663163.906263
1679663163.937712
1679663163.969816
1679663164.005735
1679663164.038423
1679663164.073193
1679663164.105816
1679663164.137826
1679663164.173803
1679663164.206161
1679663164.237829
1679663164.274136
1679663164.305746
1679663164.337837
1679663164.374079
1679663164.405759
1679663164.441791
1679663164.473657
1679663164.505729
1679663164.541715
1679663164.573730
1679663164.605748
1679663164.642232
1679663164.673852
1679663164.709704
1679663164.741828
1679663164.773712
1679663164.810030
1679663164.844951
1679663164.877726
1679663164.913051
1679663164.941776
1679663164.977661
1679663165.009729
1679663165.041708
1679663165.078224
1679663165.109789
1679663165.145820
1679663165.177754
1679663165.209736
1679663165.245639
1679663165.277602
1679663165.309638
1679663165.345677
1679663165.377733
1679663165.413649
1679663165.446125
1679663165.477662
1679663165.513668
1679663165.545649
1679663165.577692
1679663165.615499
1679663165.645744
1679663165.683480
1679663165.713722
1679663165.745715
1679663165.781832
1679663165.813723
1679663165.849819
1679663165.881758
1679663165.913732
1679663165.950165
1679663165.981704
1679663166.013685
1679663166.050371
1679663166.081757
1679663166.117742
1679663166.149797
1679663166.181637
1679663166.217826
1679663166.249829
1679663166.281691
1679663166.317597
1679663166.349805
1679663166.385591
1679663166.417800
1679663166.449787
1679663166.485776
1679663166.517871
1679663166.549737
1679663166.585695
1679663166.617870
1679663166.653754
1679663166.685738
1679663166.718147
1679663166.753767
1679663166.785739
1679663166.821656
1679663166.853767
1679663166.885721
1679663166.921671
1679663166.953765
1679663166.985724
1679663167.021640
1679663167.053778
1679663167.089694
1679663167.121629
1679663167.156965
1679663167.189792
1679663167.221672
1679663167.253843
1679663167.289751
1679663167.321657
1679663167.357626
1679663167.389751
1679663167.422107
1679663167.457724
1679663167.489631
1679663167.521628
1679663167.557737
1679663167.590123
1679663167.625735
1679663167.657636
1679663167.689652
1679663167.725739
1679663167.758189
1679663167.793791
1679663167.825775
1679663167.857653
1679663167.893718
1679663167.927709
1679663167.957769
1679663167.995676
1679663168.025740
1679663168.061586
1679663168.093687
1679663168.125694
1679663168.161688
1679663168.193780
1679663168.225641
1679663168.262280
1679663168.293601
1679663168.329815
1679663168.361752
1679663168.394159
1679663168.429656
1679663168.461694
1679663168.493930
1679663168.529683
1679663168.562208
1679663168.597660
1679663168.629616
1679663168.661746
1679663168.697621
1679663168.730171
1679663168.769056
1679663168.797569
1679663168.829776
1679663168.866264
1679663168.897630
1679663168.929758
1679663168.965667
1679663168.997602
1679663169.034073
1679663169.065674
1679663169.098046
1679663169.133690
1679663169.166078
1679663169.197607
1679663169.233699
1679663169.265951
1679663169.301702
1679663169.333592
1679663169.365634
1679663169.401529
1679663169.433640
1679663169.468956
1679663169.501595
1679663169.533613
1679663169.569651
1679663169.601676
1679663169.633601
1679663169.669571
1679663169.701629
1679663169.737580
1679663169.769659
1679663169.801966
1679663169.837610
1679663169.869687
1679663169.902112
1679663169.937620
1679663169.970026
1679663170.005739
1679663170.037584
1679663170.069690
1679663170.105718
1679663170.137579
1679663170.169617
1679663170.205568
1679663170.240823
1679663170.273583
1679663170.308997
1679663170.337587
1679663170.373555
1679663170.405553
1679663170.437566
1679663170.473603
1679663170.505709
1679663170.541559
1679663170.573977
1679663170.605552
1679663170.641663
1679663170.673534
1679663170.709586
1679663170.741995
1679663170.773666
1679663170.809543
1679663170.841674
1679663170.873548
1679663170.909623
1679663170.941794
1679663170.977638
1679663171.013035
1679663171.041577
1679663171.081024
1679663171.109672
1679663171.141746
1679663171.177697
1679663171.210047
1679663171.245603
1679663171.278088
1679663171.309581
1679663171.345719
1679663171.378124
1679663171.409604
1679663171.445621
1679663171.477718
1679663171.513577
1679663171.545698
1679663171.577679
1679663171.613651
1679663171.645580
1679663171.681673
1679663171.713646
1679663171.745617
1679663171.782051
1679663171.813548
1679663171.845654
1679663171.881529
1679663171.914079
1679663171.949663
1679663171.981670
1679663172.013623
1679663172.049671
1679663172.081638
1679663172.113681
1679663172.149651
1679663172.181712
1679663172.217669
1679663172.249944
1679663172.281584
1679663172.317511
1679663172.349640
1679663172.381978
1679663172.417553
1679663172.449574
1679663172.485573
1679663172.517680
1679663172.551629
1679663172.585669
1679663172.620799
1679663172.653715
1679663172.685652
1679663172.717645
1679663172.754000
1679663172.785633
1679663172.818005
1679663172.853556
1679663172.885533
1679663172.921670
1679663172.953558
1679663172.985608
1679663173.021606
1679663173.053594
1679663173.086092
1679663173.121613
1679663173.153644
1679663173.189665
1679663173.221782
1679663173.253648
1679663173.290009
1679663173.323442
1679663173.353560
1679663173.392769
1679663173.421617
1679663173.457693
1679663173.489994
1679663173.521604
1679663173.557507
1679663173.589504
1679663173.625654
1679663173.657858
1679663173.689620
1679663173.725690
1679663173.757507
1679663173.789507
1679663173.825648
1679663173.858104
1679663173.893505
1679663173.925614
1679663173.957574
1679663173.993504
1679663174.025864
1679663174.057602
1679663174.093973
1679663174.125494
1679663174.164696
1679663174.193609
1679663174.225553
1679663174.261524
1679663174.293547
1679663174.325685
1679663174.361549
1679663174.393516
1679663174.429934
1679663174.461594
1679663174.493511
1679663174.529593
1679663174.562137
1679663174.597573
1679663174.629893
1679663174.661528
1679663174.697665
1679663174.729867
1679663174.761614
1679663174.797526
1679663174.829536
1679663174.865467
1679663174.897872
1679663174.929658
1679663174.965686
1679663174.998004
1679663175.029564
1679663175.065881
1679663175.097480
1679663175.133571
1679663175.165921
1679663175.197598
1679663175.233560
1679663175.265949
1679663175.297611
1679663175.333910
1679663175.365503
1679663175.401544
1679663175.433475
1679663175.465534
1679663175.501474
1679663175.533483
1679663175.569490
1679663175.601780
1679663175.636436
1679663175.669492
1679663175.703582
1679663175.733512
1679663175.769530
1679663175.801909
1679663175.837536
1679663175.869557
1679663175.901490
1679663175.937529
1679663175.969587
1679663176.001534
1679663176.037932
1679663176.069545
1679663176.105542
1679663176.137457
1679663176.169593
1679663176.205571
1679663176.237509
1679663176.269526
1679663176.305489
1679663176.337520
1679663176.373649
1679663176.409155
1679663176.437557
1679663176.477033
1679663176.505593
1679663176.541551
1679663176.573536
1679663176.605821
1679663176.642744
1679663176.673524
1679663176.705516
1679663176.741565
1679663176.773507
1679663176.809835
1679663176.841456
1679663176.873953
1679663176.909602
1679663176.941931
1679663176.973437
1679663177.009511
1679663177.041550
1679663177.077655
1679663177.109601
1679663177.141536
1679663177.177607
1679663177.209900
1679663177.241537
1679663177.277871
1679663177.309552
1679663177.345485
1679663177.377514
1679663177.409612
1679663177.445792
1679663177.477526
1679663177.513927
1679663177.545492
1679663177.577495
1679663177.613504
1679663177.645484
1679663177.677872
1679663177.713573
1679663177.745461
1679663177.781862
1679663177.813491
1679663177.845451
1679663177.881560
1679663177.913502
1679663177.948794
1679663177.981544
1679663178.015795
1679663178.049532
1679663178.081496
1679663178.113812
1679663178.149554
1679663178.181506
1679663178.213500
1679663178.249520
1679663178.281848
1679663178.317490
1679663178.349539
1679663178.381859
1679663178.417550
1679663178.449435
1679663178.481478
1679663178.517468
1679663178.549950
1679663178.585460
1679663178.617445
1679663178.649774
1679663178.685472
1679663178.720767
1679663178.753453
1679663178.788965
1679663178.817471
1679663178.853505
1679663178.885451
1679663178.917422
1679663178.953463
1679663178.985425
1679663179.021505
1679663179.053483
1679663179.085529
1679663179.121501
1679663179.153494
1679663179.185507
1679663179.221833
1679663179.253533
1679663179.289441
1679663179.321428
1679663179.353567
1679663179.389872
1679663179.421490
1679663179.453612
1679663179.489452
1679663179.521446
1679663179.560633
1679663179.589419
1679663179.621477
1679663179.657848
1679663179.689512
1679663179.725525
1679663179.757486
1679663179.789484
1679663179.825432
1679663179.857462
1679663179.889479
1679663179.925779
1679663179.957540
1679663179.993459
1679663180.025473
1679663180.057535
1679663180.093882
1679663180.125458
1679663180.157505
1679663180.193460
1679663180.225626
1679663180.261468
1679663180.293609
1679663180.325472
1679663180.361909
1679663180.393493
1679663180.425459
1679663180.461495
1679663180.493454
1679663180.529507
1679663180.561507
1679663180.593424
1679663180.629834
1679663180.661480
1679663180.697505
1679663180.729472
1679663180.761439
1679663180.797792
1679663180.829497
1679663180.861454
1679663180.897981
1679663180.929598
1679663180.965419
1679663180.997454
1679663181.032689
1679663181.065474
1679663181.100747
1679663181.129507
1679663181.165534
1679663181.197969
1679663181.233453
1679663181.265585
1679663181.297785
1679663181.333479
1679663181.365794
1679663181.397449
1679663181.433506
1679663181.465420
1679663181.501519
1679663181.533453
1679663181.565782
1679663181.601482
1679663181.633441
1679663181.669483
1679663181.701507
1679663181.733761
1679663181.769554
1679663181.804871
1679663181.833417
1679663181.871568
1679663181.901444
1679663181.937551
1679663181.969572
1679663182.001804
1679663182.037481
1679663182.069390
1679663182.101430
1679663182.137386
1679663182.169408
1679663182.205408
1679663182.237761
1679663182.269411
1679663182.305419
1679663182.337450
1679663182.369522
1679663182.406033
1679663182.437424
1679663182.473772
1679663182.505408
1679663182.537481
1679663182.573783
1679663182.605490
1679663182.643619
1679663182.673484
1679663182.705498
1679663182.741558
1679663182.773577
1679663182.805505
1679663182.841490
1679663182.873548
1679663182.909855
1679663182.941417
1679663182.973866
1679663183.009483
1679663183.041912
1679663183.073460
1679663183.109800
1679663183.141406
1679663183.177461
1679663183.209420
1679663183.241506
1679663183.277473
1679663183.309486
1679663183.344796
1679663183.377389
1679663183.411323
1679663183.445429
1679663183.477386
1679663183.509423
1679663183.545391
1679663183.577357
1679663183.613432
1679663183.645434
1679663183.677909
1679663183.713389
1679663183.745411
1679663183.777372
1679663183.813484
1679663183.845453
1679663183.881424
1679663183.913419
1679663183.945364
1679663183.981448
1679663184.013403
1679663184.045342
1679663184.081756
1679663184.116891
1679663184.149466
1679663184.184682
1679663184.213465
1679663184.249795
1679663184.281461
1679663184.313461
1679663184.349421
1679663184.381762
1679663184.417368
1679663184.449365
1679663184.481452
1679663184.517446
1679663184.549873
1679663184.585434
1679663184.617355
1679663184.649509
1679663184.685414
1679663184.717364
1679663184.749458
1679663184.785454
1679663184.817671
1679663184.853571
1679663184.885401
1679663184.917346
1679663184.955491
1679663184.985500
1679663185.017402
1679663185.053397
1679663185.085975
1679663185.121448
1679663185.154064
1679663185.185371
1679663185.221398
1679663185.253369
1679663185.285436
1679663185.321415
1679663185.353731
1679663185.389393
1679663185.421806
1679663185.453330
1679663185.489425
1679663185.521332
1679663185.557409
1679663185.589357
1679663185.621434
1679663185.657679
1679663185.689558
1679663185.721494
1679663185.757381
1679663185.789431
1679663185.825508
1679663185.857386
1679663185.889561
1679663185.925844
1679663185.957382
1679663185.989815
1679663186.025451
1679663186.057669
1679663186.093386
1679663186.125369
1679663186.157331
1679663186.193391
1679663186.225679
1679663186.257437
1679663186.293420
1679663186.325373
1679663186.361467
1679663186.393400
1679663186.429050
1679663186.461365
1679663186.497430
1679663186.529477
1679663186.562040
1679663186.593416
1679663186.629333
1679663186.661383
1679663186.693331
1679663186.729339
1679663186.761435
1679663186.797668
1679663186.829380
1679663186.861328
1679663186.897639
1679663186.929396
1679663186.961368
1679663186.997463
1679663187.029321
1679663187.065378
1679663187.097398
1679663187.129315
1679663187.165328
1679663187.199332
1679663187.229379
1679663187.267767
1679663187.297384
1679663187.333363
1679663187.365367
1679663187.397386
1679663187.433343
1679663187.465828
1679663187.501329
1679663187.533726
1679663187.565313
1679663187.601716
1679663187.633321
1679663187.665305
1679663187.701313
1679663187.733374
1679663187.769321
1679663187.801358
1679663187.833303
1679663187.869365
1679663187.901325
1679663187.933724
1679663187.969337
1679663188.001322
1679663188.040562
1679663188.069439
1679663188.101391
1679663188.137311
1679663188.169686
1679663188.201358
1679663188.237668
1679663188.269332
1679663188.305637
1679663188.337324
1679663188.369330
1679663188.405327
1679663188.437392
1679663188.473321
1679663188.505369
1679663188.537332
1679663188.573348
1679663188.605329
1679663188.637306
1679663188.673331
1679663188.705342
1679663188.741316
1679663188.773368
1679663188.808627
1679663188.841375
1679663188.873307
1679663188.905315
1679663188.941403
1679663188.973357
1679663189.009694
1679663189.041362
1679663189.073691
1679663189.109353
1679663189.141308
1679663189.173330
1679663189.209402
1679663189.241314
1679663189.277311
1679663189.309343
1679663189.341307
1679663189.377381
1679663189.409393
1679663189.445402
1679663189.481152
1679663189.509327
1679663189.545401
1679663189.577290
1679663189.609669
1679663189.645335
1679663189.677333
1679663189.713321
1679663189.745326
1679663189.777310
1679663189.813326
1679663189.845295
1679663189.877326
1679663189.913663
1679663189.945310
1679663189.981668
1679663190.013313
1679663190.045634
1679663190.081326
1679663190.113343
1679663190.145762
1679663190.181322
1679663190.213298
1679663190.249328
1679663190.281298
1679663190.313278
1679663190.349329
1679663190.381597
1679663190.417315
1679663190.449269
1679663190.481258
1679663190.517282
1679663190.549304
1679663190.581336
1679663190.617327
1679663190.651190
1679663190.685364
1679663190.717344
1679663190.749272
1679663190.785342
1679663190.817352
1679663190.849784
1679663190.885328
1679663190.920639
1679663190.953372
1679663190.985316
1679663191.017283
1679663191.053290
1679663191.085334
1679663191.117634
1679663191.153326
1679663191.185327
1679663191.221285
1679663191.253316
1679663191.285323
1679663191.321392
1679663191.353336
1679663191.389359
1679663191.421323
1679663191.453379
1679663191.489383
1679663191.521407
1679663191.553314
1679663191.589318
1679663191.621345
1679663191.657747
1679663191.689303
1679663191.721332
1679663191.757305
1679663191.789297
1679663191.823397
1679663191.857340
1679663191.889271
1679663191.925324
1679663191.957366
1679663191.989388
1679663192.025274
1679663192.057362
1679663192.091043
1679663192.125264
1679663192.157345
1679663192.193339
1679663192.225362
1679663192.257339
1679663192.293665
1679663192.325289
1679663192.364599
1679663192.393298
1679663192.425256
1679663192.461245
1679663192.493279
1679663192.525296
1679663192.561306
1679663192.593326
1679663192.632238
1679663192.661270
1679663192.693247
1679663192.729641
1679663192.761288
1679663192.793262
1679663192.829339
1679663192.861249
1679663192.897283
1679663192.930028
1679663192.961323
1679663192.997332
1679663193.030025
1679663193.061254
1679663193.097771
1679663193.129395
1679663193.165268
1679663193.197307
1679663193.229670
1679663193.265245
1679663193.297300
1679663193.333671
1679663193.365246
1679663193.397275
1679663193.433348
1679663193.465697
1679663193.497310
1679663193.535157
1679663193.565288
1679663193.601318
1679663193.633399
1679663193.665392
1679663193.701313
1679663193.733334
1679663193.769242
1679663193.805441
1679663193.833347
1679663193.869715
1679663193.901337
1679663193.933341
1679663193.969358
1679663194.001751
1679663194.033277
1679663194.069609
1679663194.101285
1679663194.137365
1679663194.169650
1679663194.201287
1679663194.237271
1679663194.269273
1679663194.305390
1679663194.337395
1679663194.369875
1679663194.405301
1679663194.437305
1679663194.469330
1679663194.505294
1679663194.537627
1679663194.573368
1679663194.605344
1679663194.637324
1679663194.673288
1679663194.705248
1679663194.737352
1679663194.773241
1679663194.805322
1679663194.841372
1679663194.873685
1679663194.905357
1679663194.941264
1679663194.976806
1679663195.005266
1679663195.041342
1679663195.073886
1679663195.109375
1679663195.141336
1679663195.173640
1679663195.209347
1679663195.241737
1679663195.277338
1679663195.309742
1679663195.341312
1679663195.377321
1679663195.409258
1679663195.441308
1679663195.477360
1679663195.509639
1679663195.545315
1679663195.577340
1679663195.609698
1679663195.645309
1679663195.677312
1679663195.709302
1679663195.745284
1679663195.777356
1679663195.813726
1679663195.845356
1679663195.877249
1679663195.913309
1679663195.945331
1679663195.977722
1679663196.013268
1679663196.045292
1679663196.081657
1679663196.113292
1679663196.147491
1679663196.181406
1679663196.213326
1679663196.249320
1679663196.281443
1679663196.313317
1679663196.349750
1679663196.381304
1679663196.416689
1679663196.449312
1679663196.481242
1679663196.517238
1679663196.549379
1679663196.581272
1679663196.617240
1679663196.649346
1679663196.681763
1679663196.717346
1679663196.749778
1679663196.785258
1679663196.817348
1679663196.849255
1679663196.885589
1679663196.917360
1679663196.949671
1679663196.985598
1679663197.017623
1679663197.053286
1679663197.085455
1679663197.117316
1679663197.153260
1679663197.185374
1679663197.221251
1679663197.253349
1679663197.285279
1679663197.321298
1679663197.353753
1679663197.385252
1679663197.421342
1679663197.453358
1679663197.489228
1679663197.521743
1679663197.553313
1679663197.589260
1679663197.621419
1679663197.653327
1679663197.689717
1679663197.721396
1679663197.757305
1679663197.789325
1679663197.821296
1679663197.860804
1679663197.889379
1679663197.921284
1679663197.957237
1679663197.989274
1679663198.025308
1679663198.057322
1679663198.089320
1679663198.128489
1679663198.157418
1679663198.193381
1679663198.225358
1679663198.257249
1679663198.293267
1679663198.325716
1679663198.357391
1679663198.393300
1679663198.425299
1679663198.461224
1679663198.494100
1679663198.525316
1679663198.561258
1679663198.593332
1679663198.625979
1679663198.661209
1679663198.693912
1679663198.729333
1679663198.761258
1679663198.793211
1679663198.829271
1679663198.861720
1679663198.893261
1679663198.929309
1679663198.961316
1679663198.997615
1679663199.029342
1679663199.061255
1679663199.097241
1679663199.129275
1679663199.161326
1679663199.197922
1679663199.229382
1679663199.265290
1679663199.300781
1679663199.329338
1679663199.365317
1679663199.397299
1679663199.433252
1679663199.465296
1679663199.497221
1679663199.533224
1679663199.565307
1679663199.597734
1679663199.633323
1679663199.665280
1679663199.701333
1679663199.733264
1679663199.765284
1679663199.801361
1679663199.833646
1679663199.865288
1679663199.901345
1679663199.933248
1679663199.969341
1679663200.001629
1679663200.033288
1679663200.069351
1679663200.101271
1679663200.133316
1679663200.169248
1679663200.201189
1679663200.237656
1679663200.269319
1679663200.301605
1679663200.337319
1679663200.369208
1679663200.405302
1679663200.437266
1679663200.472065
1679663200.505413
1679663200.537204
1679663200.569264
1679663200.605367
1679663200.637279
1679663200.673274
1679663200.705238
1679663200.740523
1679663200.773253
1679663200.805254
1679663200.837162
1679663200.873208
1679663200.905189
1679663200.941208
1679663200.973188
1679663201.005132
1679663201.041220
1679663201.073742
1679663201.105164
1679663201.141185
1679663201.173243
1679663201.209261
1679663201.241229
1679663201.273229
1679663201.309147
1679663201.341150
1679663201.377240
1679663201.409164
1679663201.441169
1679663201.477684
1679663201.509339
1679663201.541132
1679663201.577691
1679663201.609328
1679663201.645159
1679663201.677237
1679663201.709248
1679663201.745497
1679663201.777276
1679663201.809214
1679663201.845287
1679663201.877332
1679663201.913568
1679663201.945255
1679663201.977202
1679663202.013163
1679663202.045260
1679663202.077192
1679663202.113227
1679663202.145258
1679663202.183366
1679663202.213187
1679663202.245132
1679663202.281650
1679663202.313197
1679663202.349172
1679663202.381653
1679663202.413172
1679663202.452311
1679663202.481236
1679663202.513145
1679663202.549212
1679663202.581192
1679663202.617263
1679663202.649229
1679663202.681265
1679663202.717342
1679663202.749154
1679663202.781219
1679663202.817204
1679663202.849282
1679663202.885270
1679663202.917175
1679663202.949234
1679663202.985154
1679663203.017629
1679663203.049155
1679663203.085202
1679663203.117471
1679663203.153278
1679663203.185642
1679663203.217262
1679663203.253189
1679663203.285187
1679663203.321186
1679663203.353564
1679663203.385214
1679663203.421550
1679663203.453252
1679663203.485270
1679663203.521288
1679663203.553698
1679663203.589214
1679663203.623081
1679663203.653242
1679663203.689238
1679663203.721566
1679663203.753146
1679663203.789596
1679663203.821255
1679663203.857167
1679663203.889342
1679663203.921201
1679663203.957318
1679663203.989265
1679663204.021569
1679663204.057304
1679663204.089253
1679663204.125169
1679663204.157211
1679663204.189639
1679663204.225170
1679663204.257797
1679663204.293143
1679663204.325248
1679663204.357184
1679663204.393250
1679663204.425729
1679663204.457223
1679663204.493258
1679663204.525263
1679663204.561147
1679663204.593186
1679663204.625119
1679663204.661251
1679663204.693213
1679663204.725199
1679663204.761235
1679663204.793203
1679663204.829630
1679663204.864715
1679663204.893204
1679663204.929365
1679663204.961238
1679663204.993326
1679663205.029195
1679663205.061878
1679663205.097197
1679663205.129189
1679663205.161127
1679663205.197159
1679663205.229129
1679663205.265109
1679663205.297214
1679663205.329200
1679663205.365228
1679663205.397267
1679663205.429139
1679663205.465697
1679663205.497157
1679663205.533316
1679663205.565275
1679663205.597208
1679663205.633723
1679663205.668143
1679663205.697187
1679663205.733226
1679663205.765095
1679663205.801427
1679663205.833133
1679663205.865147
1679663205.901198
1679663205.933226
1679663205.965404
1679663206.001136
1679663206.033160
1679663206.069107
1679663206.101128
1679663206.133208
1679663206.169214
1679663206.201214
1679663206.237193
1679663206.269844
1679663206.301173
1679663206.337720
1679663206.369189
1679663206.401225
1679663206.437503
1679663206.469227
1679663206.505567
1679663206.537274
1679663206.569170
1679663206.605217
1679663206.637191
1679663206.669154
1679663206.708448
1679663206.737216
1679663206.773216
1679663206.805209
1679663206.837166
1679663206.873229
1679663206.905574
1679663206.937148
1679663206.973579
1679663207.005233
1679663207.041236
1679663207.073549
1679663207.107387
1679663207.141252
1679663207.173246
1679663207.209277
1679663207.241469
1679663207.273163
1679663207.309608
1679663207.341182
1679663207.373245
1679663207.409222
1679663207.441105
1679663207.477170
1679663207.509148
1679663207.541200
1679663207.577159
1679663207.609261
1679663207.641201
1679663207.677096
1679663207.709254
1679663207.745092
1679663207.777248
1679663207.809119
1679663207.845141
1679663207.879793
1679663207.909211
1679663207.947854
1679663207.977116
1679663208.013103
1679663208.045195
1679663208.077133
1679663208.113159
1679663208.145649
1679663208.181242
1679663208.213174
1679663208.245231
1679663208.281079
1679663208.313729
1679663208.345149
1679663208.381166
1679663208.413080
1679663208.449139
1679663208.481643
1679663208.513156
1679663208.549654
1679663208.581338
1679663208.613070
1679663208.649415
1679663208.681087
1679663208.721132
1679663208.749268
1679663208.781141
1679663208.817082
1679663208.849111
1679663208.881083
1679663208.917159
1679663208.949129
1679663208.985642
1679663209.017098
1679663209.049095
1679663209.085110
1679663209.117099
1679663209.153947
1679663209.185096
1679663209.217080
1679663209.253566
1679663209.285112
1679663209.317056
1679663209.353319
1679663209.385121
1679663209.421048
1679663209.453143
1679663209.485094
1679663209.521241
1679663209.553211
1679663209.585167
1679663209.621092
1679663209.653244
1679663209.689182
1679663209.721171
1679663209.753078
1679663209.789073
1679663209.821104
1679663209.853185
1679663209.889092
1679663209.921115
1679663209.957209
1679663209.989042
1679663210.021062
1679663210.057044
1679663210.089087
1679663210.125424
1679663210.157220
1679663210.191351
1679663210.225091
1679663210.259202
1679663210.289117
1679663210.325134
1679663210.357204
1679663210.393349
1679663210.425200
1679663210.457167
1679663210.493084
1679663210.525078
1679663210.557149
1679663210.593589
1679663210.625070
1679663210.661141
1679663210.693018
1679663210.725183
1679663210.761155
1679663210.793518
1679663210.825144
1679663210.861154
1679663210.893055
1679663210.929104
1679663210.961151
1679663210.993196
1679663211.030947
1679663211.061161
1679663211.100457
1679663211.129107
1679663211.161038
1679663211.197253
1679663211.229444
1679663211.261139
1679663211.297125
1679663211.329097
1679663211.365116
1679663211.397042
1679663211.429057
1679663211.465124
1679663211.497411
1679663211.529052
1679663211.565452
1679663211.597065
1679663211.633089
1679663211.665006
1679663211.697086
1679663211.733025
1679663211.765068
1679663211.797096
1679663211.833076
1679663211.865084
1679663211.901040
1679663211.933524
1679663211.965070
1679663212.001366
1679663212.033005
1679663212.069040
1679663212.101041
1679663212.133121
1679663212.169027
1679663212.201100
1679663212.233107
1679663212.269025
1679663212.301117
1679663212.337106
1679663212.369097
1679663212.401086
1679663212.437099
1679663212.469356
1679663212.503125
1679663212.537143
1679663212.572760
1679663212.605185
1679663212.637104
1679663212.669015
1679663212.705134
1679663212.737138
1679663212.769020
1679663212.805128
1679663212.837115
1679663212.873064
1679663212.905029
1679663212.937066
1679663212.973421
1679663213.005110
1679663213.041362
1679663213.073133
1679663213.105039
1679663213.141074
1679663213.173406
1679663213.205069
1679663213.241093
1679663213.276515
1679663213.309084
1679663213.344780
1679663213.373104
1679663213.409473
1679663213.441139
1679663213.473108
1679663213.509106
1679663213.541067
1679663213.577439
1679663213.609056
1679663213.641085
1679663213.677182
1679663213.709201
1679663213.741055
1679663213.777217
1679663213.809357
1679663213.845064
1679663213.877457
1679663213.909088
1679663213.945012
1679663213.977087
1679663214.013443
1679663214.045025
1679663214.077065
1679663214.117226
1679663214.145129
1679663214.177083
1679663214.213069
1679663214.245107
1679663214.281118
1679663214.313414
1679663214.345062
1679663214.381378
1679663214.413104
1679663214.444996
1679663214.481070
1679663214.513101
1679663214.549119
1679663214.581034
1679663214.613100
1679663214.649506
1679663214.681079
1679663214.713392
1679663214.749022
1679663214.781129
1679663214.816988
1679663214.849068
1679663214.881017
1679663214.917615
1679663214.949078
1679663214.985075
1679663215.017098
1679663215.049077
1679663215.085119
1679663215.116993
1679663215.149027
1679663215.185468
1679663215.217122
1679663215.252981
1679663215.285456
1679663215.317026
1679663215.353513
1679663215.385008
1679663215.417398
1679663215.453162
1679663215.485079
1679663215.521479
1679663215.553027
1679663215.588430
1679663215.621089
1679663215.656372
1679663215.685072
1679663215.721095
1679663215.753482
1679663215.789049
1679663215.821116
1679663215.853038
1679663215.889044
1679663215.921428
1679663215.957063
1679663215.989382
1679663216.020984
1679663216.057438
1679663216.089013
1679663216.121026
1679663216.157111
1679663216.189103
1679663216.225063
1679663216.257046
1679663216.289028
1679663216.324971
1679663216.356962
1679663216.389021
