1679663154.464493
1679663154.493855
1679663154.530206
1679663154.566640
1679663154.597148
1679663154.664918
1679663154.701199
1679663154.766950
1679663154.821264
1679663154.889190
1679663154.966228
1679663155.033044
1679663155.101571
1679663155.170403
1679663155.241113
1679663155.309145
1679663155.381118
1679663155.449137
1679663155.521167
1679663155.589137
1679663155.664533
1679663155.735922
1679663155.803743
1679663155.869093
1679663155.941200
1679663156.009146
1679663156.081209
1679663156.149198
1679663156.221098
1679663156.289134
1679663156.361107
1679663156.439393
1679663156.507695
1679663156.573767
1679663156.641105
1679663156.713164
1679663156.781076
1679663156.853118
1679663156.921189
1679663156.993146
1679663157.061174
1679663157.133190
1679663157.201171
1679663157.276575
1679663157.341567
1679663157.414201
1679663157.481501
1679663157.553103
1679663157.621088
1679663157.693080
1679663157.761148
1679663157.833184
1679663157.901184
1679663157.980045
1679663158.047707
1679663158.116265
1679663158.185102
1679663158.253158
1679663158.325499
1679663158.393084
1679663158.465088
1679663158.533075
1679663158.605115
1679663158.673171
1679663158.753527
1679663158.822380
1679663158.890661
1679663158.953098
1679663159.025029
1679663159.093164
1679663159.165235
1679663159.233145
1679663159.305057
1679663159.373081
1679663159.445047
1679663159.513071
1679663159.591871
1679663159.656168
1679663159.725047
1679663159.793122
1679663159.865064
1679663159.933086
1679663160.005075
1679663160.077027
1679663160.145047
1679663160.217042
1679663160.285137
1679663160.359961
1679663160.429240
1679663160.497396
1679663160.565048
1679663160.637047
1679663160.705120
1679663160.777054
1679663160.845013
1679663160.917027
1679663160.985049
1679663161.066916
1679663161.132914
1679663161.199586
1679663161.267313
1679663161.337103
1679663161.405030
1679663161.477001
1679663161.545135
1679663161.617138
1679663161.685081
1679663161.757022
1679663161.833246
1679663161.904058
1679663161.971151
1679663162.037028
1679663162.109015
1679663162.177216
1679663162.249122
1679663162.317119
1679663162.389190
1679663162.457122
1679663162.529048
1679663162.597139
1679663162.671175
1679663162.739843
1679663162.809100
1679663162.877044
1679663162.949024
1679663163.017040
1679663163.089024
1679663163.157099
1679663163.229067
1679663163.297004
1679663163.372749
1679663163.442705
1679663163.510923
1679663163.579776
1679663163.649410
1679663163.721087
1679663163.789146
1679663163.860999
1679663163.929031
1679663164.001104
1679663164.069105
1679663164.147105
1679663164.215756
1679663164.283692
1679663164.349007
1679663164.421014
1679663164.489120
1679663164.560980
1679663164.629113
1679663164.701078
1679663164.769000
1679663164.841068
1679663164.909112
1679663164.987453
1679663165.049023
1679663165.121060
1679663165.188976
1679663165.260985
1679663165.328956
1679663165.400967
1679663165.473047
1679663165.541066
1679663165.613080
1679663165.681089
1679663165.752998
1679663165.823441
1679663165.893031
1679663165.960960
1679663166.033007
1679663166.100978
1679663166.173117
1679663166.241185
1679663166.313028
1679663166.381052
1679663166.456665
1679663166.527979
1679663166.595629
1679663166.663956
1679663166.732986
1679663166.801105
1679663166.873073
1679663166.941100
1679663167.013000
1679663167.081063
1679663167.153047
1679663167.231594
1679663167.299389
1679663167.367601
1679663167.432928
1679663167.504957
1679663167.573041
1679663167.645086
1679663167.712975
1679663167.785044
1679663167.853423
1679663167.925117
1679663167.993061
1679663168.069091
1679663168.138104
1679663168.205102
1679663168.273027
1679663168.345009
1679663168.413723
1679663168.485014
1679663168.553095
1679663168.624957
1679663168.692963
1679663168.765037
1679663168.837005
1679663168.907766
1679663168.975005
1679663169.044921
1679663169.117380
1679663169.185132
1679663169.257008
1679663169.325003
1679663169.396923
1679663169.465008
1679663169.543658
1679663169.611613
1679663169.679774
1679663169.747223
1679663169.817239
1679663169.885046
1679663169.957018
1679663170.025022
1679663170.097021
1679663170.164996
1679663170.236890
1679663170.304981
1679663170.380409
1679663170.447357
1679663170.516934
1679663170.584901
1679663170.657298
1679663170.725033
1679663170.796941
1679663170.868937
1679663170.937109
1679663171.008941
1679663171.077308
1679663171.151667
1679663171.219659
1679663171.288991
1679663171.357052
1679663171.429013
1679663171.497010
1679663171.568902
1679663171.637040
1679663171.708935
1679663171.776964
1679663171.855650
1679663171.923565
1679663171.990650
1679663172.056871
1679663172.128989
1679663172.196862
1679663172.268934
1679663172.337266
1679663172.408984
1679663172.476980
1679663172.548989
1679663172.616956
1679663172.694901
1679663172.762893
1679663172.829382
1679663172.900873
1679663172.968955
1679663173.040970
1679663173.108977
1679663173.180973
1679663173.248912
1679663173.320954
1679663173.388968
1679663173.466378
1679663173.530746
1679663173.600892
1679663173.668915
1679663173.740861
1679663173.808944
1679663173.880934
1679663173.948981
1679663174.021467
1679663174.088985
1679663174.160898
1679663174.232372
1679663174.300945
1679663174.373660
1679663174.440866
1679663174.512999
1679663174.581341
1679663174.652939
1679663174.720888
1679663174.792931
1679663174.860972
1679663174.939246
1679663175.008105
1679663175.075763
1679663175.143680
1679663175.212870
1679663175.280933
1679663175.352953
1679663175.420896
1679663175.492849
1679663175.560827
1679663175.632877
1679663175.700851
1679663175.779502
1679663175.847277
1679663175.912808
1679663175.980914
1679663176.053005
1679663176.120921
1679663176.192918
1679663176.260927
1679663176.332950
1679663176.405256
1679663176.472930
1679663176.551454
1679663176.615571
1679663176.685605
1679663176.752957
1679663176.824925
1679663176.892888
1679663176.964819
1679663177.032918
1679663177.105023
1679663177.172958
1679663177.251559
1679663177.319837
1679663177.387309
1679663177.455718
1679663177.525000
1679663177.592953
1679663177.664895
1679663177.732953
1679663177.804822
1679663177.872903
1679663177.944874
1679663178.012902
1679663178.088814
1679663178.160973
1679663178.224914
1679663178.296943
1679663178.364895
1679663178.436813
1679663178.504776
1679663178.576788
1679663178.644888
1679663178.716781
1679663178.784829
1679663178.863106
1679663178.927214
1679663178.996809
1679663179.065167
1679663179.136823
1679663179.204799
1679663179.276893
1679663179.344974
1679663179.416877
1679663179.484880
1679663179.556781
1679663179.631269
1679663179.698827
1679663179.766122
1679663179.836781
1679663179.904863
1679663179.976843
1679663180.048833
1679663180.116965
1679663180.188902
1679663180.256936
1679663180.335406
1679663180.403233
1679663180.470965
1679663180.539073
1679663180.608829
1679663180.676751
1679663180.748857
1679663180.816847
1679663180.888938
1679663180.956905
1679663181.028812
1679663181.096864
1679663181.175198
1679663181.243120
1679663181.308764
1679663181.376892
1679663181.448817
1679663181.516891
1679663181.588949
1679663181.656942
1679663181.728845
1679663181.800857
1679663181.868817
1679663181.947102
1679663182.011111
1679663182.080801
1679663182.148793
1679663182.220732
1679663182.288832
1679663182.360787
1679663182.428872
1679663182.500848
1679663182.568850
1679663182.640921
1679663182.715658
1679663182.783521
1679663182.851209
1679663182.920747
1679663182.988887
1679663183.060755
1679663183.128929
1679663183.200742
1679663183.268738
1679663183.340915
1679663183.408796
1679663183.486981
1679663183.555219
1679663183.625229
1679663183.693241
1679663183.760738
1679663183.832849
1679663183.900803
1679663183.972829
1679663184.040850
1679663184.112933
1679663184.180821
1679663184.259597
1679663184.323288
1679663184.393065
1679663184.460711
1679663184.532758
1679663184.600814
1679663184.672815
1679663184.740746
1679663184.812787
1679663184.880768
1679663184.952763
1679663185.027411
1679663185.098511
1679663185.164496
1679663185.232716
1679663185.300708
1679663185.372720
1679663185.444786
1679663185.512719
1679663185.584791
1679663185.652791
1679663185.731230
1679663185.796772
1679663185.867255
1679663185.935637
1679663186.004686
1679663186.073232
1679663186.144833
1679663186.212723
1679663186.284886
1679663186.352793
1679663186.424781
1679663186.493221
1679663186.572436
1679663186.639194
1679663186.704766
1679663186.772756
1679663186.844681
1679663186.912710
1679663186.984850
1679663187.052785
1679663187.124833
1679663187.196769
1679663187.264719
1679663187.340583
1679663187.407703
1679663187.476792
1679663187.544823
1679663187.617051
1679663187.684676
1679663187.756694
1679663187.824753
1679663187.896751
1679663187.964669
1679663188.036694
1679663188.110872
1679663188.179674
1679663188.247081
1679663188.316949
1679663188.384790
1679663188.456767
1679663188.524741
1679663188.596667
1679663188.664669
1679663188.737098
1679663188.804682
1679663188.883600
1679663188.950969
1679663189.020145
1679663189.088673
1679663189.156746
1679663189.236665
1679663189.319916
1679663189.396705
1679663189.476758
1679663189.568646
1679663189.656668
1679663189.754040
1679663189.836658
1679663189.928668
1679663190.023672
1679663190.108756
1679663190.196723
1679663190.293270
1679663190.376653
1679663190.468628
1679663190.558481
1679663190.648716
1679663190.736657
1679663190.828635
1679663190.916633
1679663191.008654
1679663191.100646
1679663191.194490
1679663191.280670
1679663191.368727
1679663191.463432
1679663191.548720
1679663191.640700
1679663191.730397
1679663191.820615
1679663191.908637
1679663192.001305
1679663192.088719
1679663192.180623
1679663192.268653
1679663192.360636
1679663192.448620
1679663192.540599
1679663192.628625
1679663192.720603
1679663192.808690
1679663192.904950
1679663192.988694
1679663193.080707
1679663193.174299
1679663193.261041
1679663193.352634
1679663193.443104
1679663193.532604
1679663193.620693
1679663193.712592
1679663193.800613
1679663193.892676
1679663193.980681
1679663194.079030
1679663194.160637
1679663194.252690
1679663194.347817
1679663194.432623
1679663194.520670
1679663194.614755
1679663194.700616
1679663194.792630
1679663194.883547
1679663194.972622
1679663195.060693
1679663195.152711
1679663195.251720
1679663195.332652
1679663195.424687
1679663195.520611
1679663195.604677
1679663195.692747
1679663195.787764
1679663195.872645
1679663195.964563
1679663196.054881
1679663196.144675
1679663196.232680
1679663196.324731
1679663196.412702
1679663196.504592
1679663196.592666
1679663196.691229
1679663196.772650
1679663196.864982
1679663196.960599
1679663197.045054
1679663197.132730
1679663197.228318
1679663197.316570
1679663197.404620
1679663197.496641
1679663197.584680
1679663197.676717
1679663197.769550
1679663197.856659
1679663197.944654
1679663198.036654
1679663198.124776
1679663198.216762
1679663198.304744
1679663198.404292
1679663198.484703
1679663198.576624
1679663198.668360
1679663198.756622
1679663198.844627
1679663198.938781
1679663199.025079
1679663199.116720
1679663199.209030
1679663199.296632
1679663199.388694
1679663199.476651
1679663199.572070
1679663199.656710
1679663199.748653
1679663199.842336
1679663199.928607
1679663200.016657
1679663200.110525
1679663200.196651
1679663200.288553
1679663200.376525
1679663200.468651
1679663200.556676
1679663200.648502
1679663200.736612
1679663200.828609
1679663200.916510
1679663201.018267
1679663201.096544
1679663201.188568
1679663201.286493
1679663201.368669
1679663201.460483
1679663201.550166
1679663201.640550
1679663201.728631
1679663201.820523
1679663201.908595
1679663202.000565
1679663202.088857
1679663202.180571
1679663202.268563
1679663202.360649
1679663202.448505
1679663202.540584
1679663202.628578
1679663202.727221
1679663202.808579
1679663202.900522
1679663202.991845
1679663203.080473
1679663203.168599
1679663203.263455
1679663203.348573
1679663203.440526
1679663203.531183
1679663203.620556
1679663203.712570
1679663203.800696
1679663203.899037
1679663203.980528
1679663204.067245
1679663204.140641
1679663204.220558
1679663204.302738
1679663204.380563
1679663204.466864
1679663204.540564
1679663204.620568
1679663204.700513
1679663204.780499
1679663204.860625
1679663204.940575
1679663205.020558
1679663205.107858
1679663205.180564
1679663205.260581
1679663205.340607
1679663205.420568
1679663205.504484
1679663205.584581
1679663205.664544
1679663205.744439
1679663205.824515
1679663205.910729
1679663205.984482
1679663206.064525
1679663206.144577
1679663206.224630
1679663206.310963
1679663206.384558
1679663206.464628
1679663206.546826
1679663206.624551
1679663206.704618
1679663206.784479
1679663206.864581
1679663206.944522
1679663207.024642
1679663207.104616
1679663207.184509
1679663207.264622
1679663207.350842
1679663207.424466
1679663207.504587
1679663207.589668
1679663207.664555
1679663207.736523
1679663207.804503
1679663207.876418
1679663207.944472
1679663208.021422
1679663208.089014
1679663208.157264
1679663208.225749
1679663208.296551
1679663208.364525
1679663208.436530
1679663208.504411
1679663208.576444
1679663208.644442
1679663208.716531
1679663208.793157
1679663208.857960
1679663208.929821
1679663208.998438
1679663209.064406
1679663209.136470
1679663209.204528
1679663209.276483
1679663209.348398
1679663209.416823
1679663209.494523
1679663209.561906
1679663209.630523
1679663209.699151
1679663209.768422
1679663209.836592
1679663209.908422
1679663209.976508
1679663210.048434
1679663210.116575
1679663210.188527
1679663210.256524
1679663210.334735
1679663210.403450
1679663210.468433
1679663210.537417
1679663210.608506
1679663210.676545
1679663210.748539
1679663210.816587
1679663210.888488
1679663210.956530
1679663211.028569
1679663211.096481
1679663211.171121
1679663211.240420
1679663211.308810
1679663211.380452
1679663211.448465
1679663211.520374
1679663211.588396
1679663211.660463
1679663211.728405
1679663211.806961
1679663211.875594
1679663211.943226
1679663212.011094
1679663212.080431
1679663212.148429
1679663212.220465
1679663212.288466
1679663212.360522
1679663212.428476
1679663212.500488
1679663212.568554
1679663212.647015
1679663212.715316
1679663212.780479
1679663212.848412
1679663212.920463
1679663212.992409
1679663213.060751
1679663213.132468
1679663213.200491
1679663213.272482
1679663213.340849
1679663213.419223
1679663213.482913
1679663213.552405
1679663213.620506
1679663213.692463
1679663213.760456
1679663213.832454
1679663213.900822
1679663213.972448
1679663214.040767
1679663214.112350
1679663214.187161
1679663214.254622
1679663214.323041
1679663214.392747
1679663214.460360
1679663214.532358
1679663214.600375
1679663214.672522
1679663214.744756
1679663214.812449
1679663214.888524
1679663214.958544
1679663215.026694
1679663215.094688
1679663215.164422
1679663215.232371
1679663215.304402
1679663215.372382
1679663215.444475
1679663215.512490
1679663215.584431
1679663215.652410
1679663215.731071
1679663215.798467
1679663215.864422
1679663215.932356
1679663216.004412
1679663216.072413
1679663216.144354
1679663216.212482
1679663216.284389
1679663216.352338
1679663216.424417
