2.757523822825817206e+00
2.574576416244240384e+00
2.546653252277625068e+00
2.554258936758874832e+00
2.689059338319784942e+00
2.647349184435127789e+00
2.546308919868865761e+00
3.018734316391953332e+00
2.736241304407762254e+00
2.567536060851250301e+00
2.565318263789126085e+00
2.426169376759189866e+00
2.197646894694740727e+00
2.356828488812249489e+00
2.460248038529119441e+00
2.672186682538973290e+00
2.785198613412770641e+00
2.491546526537465667e+00
2.319870178317335441e+00
2.252227630651106427e+00
2.035310705703042622e+00
2.158830108986585117e+00
2.027697738701483399e+00
2.192750670256237822e+00
2.557539015894046308e+00
2.434932972914340077e+00
2.332966913471366865e+00
2.088632086296502433e+00
2.112415156959510210e+00
1.811747742537467731e+00
1.716271655301087051e+00
1.847033237058307131e+00
2.408978938709639639e+00
2.261369706840695493e+00
2.141414144795896313e+00
2.048517630710557924e+00
2.007151986191463511e+00
1.944697290493672126e+00
1.709370599423255088e+00
1.654516947808803096e+00
2.175238063307206815e+00
2.185034971949670002e+00
2.399456272079149688e+00
2.054389684239041447e+00
1.868349378611016798e+00
1.821672881482791162e+00
1.640191882290139125e+00
1.555913388955602938e+00
