4.632765458178694229e-01
4.541281587730158220e-01
4.124094753777996503e-01
3.349681785641459575e-01
2.376683734832872597e-01
1.469387405138662117e-01
7.987108570410905717e-02
3.823893701725400440e-02
5.517541373840619823e-01
5.630121038540576439e-01
5.190875001119038545e-01
3.981711995112253710e-01
2.342617352478295889e-01
9.567189878318392571e-02
1.239354577343630172e-02
2.630362871463585300e-02
6.648359254546465369e-01
7.329025865884903901e-01
7.202127659837846974e-01
5.156204617205760732e-01
1.938230976921908599e-01
2.193061264933513638e-02
1.039106455138026908e-01
1.187300371730210108e-01
7.832115832854250614e-01
9.766704827752406004e-01
1.158655738246024525e+00
8.072218182276718057e-01
2.090707719149487512e-02
2.893502480409622102e-01
2.862917439565091926e-01
2.361836655512236094e-01
8.420745678827455949e-01
1.174507690773070490e+00
2.000027864338010275e+00
2.559850752048897338e+00
1.170187389187459459e+00
7.600820735653327498e-01
5.009307887893268418e-01
3.528362061121710913e-01
7.689415935222041476e-01
1.012410618190951794e+00
1.468464319938552087e+00
7.707740687548247926e-01
2.119580810528435499e+00
1.024246034434171948e+00
6.223661423960366035e-01
4.233545709655727185e-01
