1.556198085745292281e-01
1.885998723029808644e-01
2.293473240146338687e-01
2.723396832550696312e-01
3.028074089398727353e-01
3.031452524932264359e-01
2.717655633892069322e-01
2.256997207181568599e-01
1.488233877077102807e-01
1.877093013791583664e-01
2.439576715470665458e-01
3.169246178535011782e-01
3.808757255740100600e-01
3.812827248962001869e-01
3.112293778702750480e-01
2.277243767122998086e-01
1.332032993404812238e-01
1.725377535311869437e-01
2.408873316259354247e-01
3.623011782763235211e-01
5.298901437671665882e-01
5.423937008062005294e-01
3.454290278987265927e-01
1.950822807337062870e-01
1.079919354841967355e-01
1.363910366338308144e-01
1.920885992920335628e-01
3.295742395124441337e-01
7.927664475301510194e-01
1.034272954652750487e+00
2.350634634482603180e-01
7.364362853853545499e-02
7.742964059602479299e-02
8.512844492511964511e-02
9.471971156876657361e-02
9.991208648271719672e-02
3.307180735812940975e-02
2.308811542620194945e+00
3.219353190101254536e-01
1.288324519773521304e-01
4.941766294563881140e-02
3.863907332528292160e-02
9.954547437785229297e-03
7.311268771933170096e-02
3.165472079730738963e-01
6.089305373228172114e-01
4.254170793333815204e-01
2.347929622493754864e-01
