2.190978914197086111e-02
3.761543642235937179e-02
9.242591196257517183e-02
1.962417792008297468e-01
3.140552489880063525e-01
3.906667105576959176e-01
4.161064547289313742e-01
4.119187330422108828e-01
4.486754741634825516e-02
5.289271838479687321e-02
1.110753799254591417e-01
2.509535230517683790e-01
3.986812189006786467e-01
4.514815300704496104e-01
4.385222691997421318e-01
4.085552495039039833e-01
8.255956306354726715e-02
8.249410274187207737e-02
1.424714518151882492e-01
3.615668201907803470e-01
5.326209412126930998e-01
4.924508568871984737e-01
4.239209217252176698e-01
3.743703929999759317e-01
1.362037394008909774e-01
1.331480207258127491e-01
1.891125326016253605e-01
7.023601561322517783e-01
6.602473335217332595e-01
4.303954723379087022e-01
3.434158852024916664e-01
3.022374894201652062e-01
1.948410271893693535e-01
1.898939046073875314e-01
1.675059340005440045e-01
5.469645129944010975e+00
1.785754270129776833e-01
1.974946040617568954e-01
2.001632245811602595e-01
2.008629312922414201e-01
2.355819813310035538e-01
2.072776459873351407e-01
3.957477665951514983e-02
5.732653968760520469e-01
2.922414270564500649e-01
4.523025502914894413e-02
4.932473989489247895e-02
9.421744657634635589e-02
