1.032132233274560917e+01
1.016514987214845966e+01
9.807030662124800457e+00
8.962927348531378513e+00
8.723424701313872376e+00
7.981734473023332832e+00
7.415961624015677600e+00
7.103353445177542191e+00
1.001991404354192383e+01
1.000523424198517475e+01
9.326305058154114036e+00
9.075037410549205319e+00
8.425697348390777108e+00
8.453885424642210822e+00
7.426005349507703635e+00
6.627801434863061836e+00
1.028804182399379563e+01
9.782777256930010878e+00
9.416691908111381792e+00
9.002457358732312898e+00
8.682801774824339347e+00
8.201810722794949271e+00
7.311300969840588415e+00
6.430063080826435851e+00
1.008458566103940157e+01
9.458071540261133947e+00
9.062432581891856742e+00
8.791038989418344940e+00
8.268954503139577028e+00
7.944914521530933804e+00
8.265281685223506258e+00
6.716539247883148711e+00
9.723637213195136297e+00
8.802700322148982792e+00
8.249839951996648324e+00
7.193893666425693389e+00
7.047829491973124583e+00
7.067275056138012879e+00
6.391660656068448354e+00
7.338024872307779667e+00
8.918609498138863501e+00
8.141609591340564833e+00
7.701521358578502507e+00
7.175420475415748456e+00
6.517255594541079056e+00
5.278068386124015632e+00
5.877844659325790033e+00
5.031094095415455492e+00
