1.828002089251774265e-01
1.948638588130638394e-01
1.813350282065909480e-01
1.281340395366829532e-01
2.105819257579483184e-02
1.467025475658177425e-01
3.649941596110894970e-01
6.040014110359321897e-01
1.244642311849843141e-01
1.592426704689453576e-01
1.719931149579468632e-01
1.392351909058544279e-01
2.711199019707683996e-02
1.949664616295141151e-01
5.182921264737264666e-01
8.688792090071721930e-01
2.875747089552177505e-02
8.710365698042496496e-02
1.382205580887868046e-01
1.547010339210166951e-01
6.997015734323021319e-02
2.360642515861088586e-01
8.236582181745990550e-01
1.433313769775019342e+00
1.015201585934382422e-01
2.833213525374516512e-02
6.266258325512512328e-02
1.682829166380436225e-01
2.431412863712071049e-01
9.203158999901933299e-03
1.693912930827205621e+00
3.159938040295510397e+00
2.351949003334228017e-01
1.568918758292824900e-01
3.906036701205905376e-02
1.577853925843317184e-01
5.500426551283819077e-01
1.672428056310809374e+00
1.046356425478893293e+01
1.961042819898202616e+00
3.265311469027135094e-01
2.397757133435001187e-01
1.033773484998233849e-01
1.256165984128149726e-01
5.314682138499076114e-01
1.209830042360494851e+00
1.792245795951111997e+00
1.277073442628543054e+00
