2.223613954257092351e-01
1.380992373311906544e-02
1.503791085106867265e-01
1.331011420554271130e-01
2.206809201491899131e-01
3.082204066994150282e-01
4.428954298896906061e-01
4.751601012125106771e-01
3.008663561607783921e-01
1.114272347443424072e-01
8.211421708837722544e-02
1.664985490854351824e-01
4.272528260939228439e-01
4.133282006078409232e-01
4.631900045966416135e-01
4.413652976388109939e-01
6.510323055771966017e-01
2.457176932939288405e-01
2.376629815497788012e-01
1.939851886427977623e-01
4.122839494736596500e-01
5.595477258499302886e-01
6.104571942498600023e-01
6.968763164329141446e-01
4.942375028660189740e-01
2.701132760742191441e-01
2.132743244003616201e-01
2.272677927910070339e-01
3.043984973169146513e-01
6.962415771324546032e-01
9.770664458586786338e-01
1.107254133757491266e+00
5.366388568594557817e-01
4.461922217371134813e-01
1.554807211914906728e-01
3.828187721784080400e-01
4.437736441989847402e-01
7.128544355258391585e-01
9.614456828730161275e-01
1.359741164299115734e+00
9.766055153438557568e-01
5.744300228916706663e-01
5.017723626696605210e-01
4.343962077083130535e-01
4.506008390388904217e-01
6.680070181429139664e-01
1.257422769786913141e+00
1.226250092415008819e+00
