6.210294169507456566e-03
9.178579955409165922e-03
2.651508723828717093e-02
4.157770929338436283e-02
4.964399573876579486e-02
4.934715019647507167e-02
4.318667136660506861e-02
3.459173462934894694e-02
1.108879086779449366e-02
1.141398367953723979e-02
4.116139944951639068e-02
6.929123928870239979e-02
8.233190220303737705e-02
7.751376812566990182e-02
6.347289173567519094e-02
4.813375735884055373e-02
2.608578830375928026e-02
3.668282170895066033e-03
5.672654191226286780e-02
1.182879669019415297e-01
1.401355741451407178e-01
1.182166680022072314e-01
8.655977087813188087e-02
6.061295976388892531e-02
5.889698051139162505e-02
3.379611314273141959e-02
5.135405222921135548e-02
2.279668317641045661e-01
2.577132399841343124e-01
1.683054700072319498e-01
1.041712517771580526e-01
6.664574706041777319e-02
1.112908346530854797e-01
1.289530769318523173e-01
1.210421235385920891e-01
6.665428355040233788e-01
4.475040102479115323e-01
1.788326863381910214e-01
9.647268228951166869e-02
5.888787067241253032e-02
1.636782042645240354e-01
2.348715110194337929e-01
4.425241900027880315e-01
1.077339320889878715e+00
3.140101507232385958e-02
7.123498074129401558e-02
5.121431059934896529e-02
3.499826618480560841e-02
