2.977599583751225354e-01
3.035041611378949122e-01
1.634684518242054962e-01
2.709153882135100777e-01
1.175134553791185033e-01
1.120837753261750280e-01
1.972562450588682126e-01
5.832756146535159614e-01
2.652820791856191907e-01
1.406329916224254295e-01
2.936492558071244763e-01
1.643194296659986897e-01
3.956993115791864607e-02
1.237438236858204588e-01
1.963573720048660820e-01
4.329658738687436337e-01
1.062921159290187989e-01
6.551789821876979891e-02
2.258385904564816915e-01
2.518410748868748494e-01
1.662691081504286406e-01
8.625296782933949968e-02
8.286987753572161441e-02
3.375533724996438445e-01
2.274925407362970164e-01
1.416186993855218443e-02
7.782978228954999522e-02
2.896171479552990258e-01
1.188769177252291115e-01
1.203011716384525531e-01
2.939247732857141471e-01
8.745701139402929647e-02
2.372636423789281912e-01
2.046099239004926795e-01
1.207441976367826519e-01
7.575737345141447809e-02
1.143678349537729511e-01
1.748146641947685154e-01
8.152965566642231265e-02
5.226065479310986195e-01
6.272876011572621202e-01
3.643860778828001412e-01
1.001752591318726474e-02
5.752796827670160484e-02
9.726742240567413933e-02
4.310721526436056550e-02
3.181541510506808446e-01
8.748601949348716600e-02
