2.250359421141124695e-07
3.393477729374032059e-07
4.233590007043252327e-07
4.306768505906449126e-07
3.443921313169158715e-07
2.013602721423873553e-07
5.421048426723554888e-08
6.803232282723319483e-08
2.331010397689002457e-07
4.049800867350629853e-07
5.578294227092497842e-07
5.795812699349955751e-07
4.167847186489431940e-07
1.777309059560521140e-07
2.391027738489327933e-08
1.619910255591196681e-07
2.103852633698397463e-07
4.649012783431181884e-07
7.814310394089797872e-07
8.691511134908107909e-07
4.907277533363796559e-07
6.858891381902677728e-08
1.768207045052411014e-07
3.012196511090328318e-07
1.239312840602142464e-07
4.380574974952704007e-07
1.123944127103795874e-06
1.676260043249977158e-06
3.763184929481405767e-07
2.619471799520054993e-07
4.306992173158171647e-07
4.786036824091196398e-07
3.815212198643612619e-08
1.611592897789651515e-07
8.059818235872776053e-07
1.432892572837462010e-05
1.176511029952798105e-06
8.627376112241838637e-07
7.248640263451204906e-07
6.503230653069045646e-07
2.088229823009869679e-07
2.265718980070906711e-07
5.202586876052509688e-07
2.178636957503068437e-06
1.865334800865918800e-06
1.172779314074304427e-06
8.903928749421193478e-07
7.527040205879891833e-07
