4.142887026932243089e+00
3.819101767997236330e+00
3.967933702104860405e+00
4.262112138583735721e+00
4.316774592517653275e+00
4.878234659977749743e+00
5.368880409716181745e+00
5.809548990118552858e+00
4.291826621331979119e+00
4.171770401183692023e+00
4.278884151461435081e+00
4.124992352474172286e+00
4.424967899893397671e+00
4.449026377703899193e+00
4.875550365077589987e+00
5.708158938773530977e+00
4.511609950561828342e+00
4.301024309322046157e+00
4.121214782991258652e+00
4.094524611381951118e+00
4.195058366857964849e+00
4.172917727149411782e+00
4.676403788334159373e+00
5.217093785336159861e+00
4.567391044897261665e+00
4.690362848318302191e+00
4.162285577102279532e+00
4.104610841530727861e+00
4.048594851613920298e+00
4.024397250383254132e+00
3.859092415088361872e+00
4.767513342157696066e+00
4.643241175737230719e+00
4.290470825017134615e+00
4.293564905373131069e+00
4.345460195824949245e+00
4.139801720366488524e+00
4.182653707302790735e+00
4.346557878698975586e+00
3.989454367963998216e+00
4.444633977438331662e+00
4.331427933832990185e+00
4.169735111749798051e+00
4.111566427329260698e+00
4.134141366102539017e+00
4.467361139821571570e+00
4.081592344189407306e+00
4.671774369004836558e+00
