1.295999355696814126e-01
5.547258048805674829e-02
2.606335134018631511e-02
9.283739070594777820e-02
1.269928023221802427e-01
1.284905865817806969e-01
1.094032598610088641e-01
8.184105153157655854e-02
1.342369073882859198e-01
3.393883011403654032e-02
8.900525008950775641e-02
1.810091224871746562e-01
2.017426006953513817e-01
1.696943359747335733e-01
1.204348640882441923e-01
7.318871728076177530e-02
1.542104070196161358e-01
1.629492906112248868e-02
2.081162381381210236e-01
3.517044683125315485e-01
2.994120759740801496e-01
1.883477870328328641e-01
9.817626755433263297e-02
3.505860604288208587e-02
2.087624320965425773e-01
6.795177540938045213e-02
4.888232755782765393e-01
7.656124756952304988e-01
3.302109199345787394e-01
1.115705056516279187e-01
1.037466901887220544e-02
4.404912861178805761e-02
2.924192143878027728e-01
3.727544811979430217e-01
1.031187657948395620e+00
5.422888784151687347e-02
9.649896014553961676e-02
1.290389172569868237e-01
1.460486967722156582e-01
1.563396598623174039e-01
3.310053532236788554e-01
5.053452780853017190e-01
9.111469271435115314e-01
8.941382872320714492e-01
5.334296724420555247e-01
3.715289168940971720e-01
3.024204615380048367e-01
2.680876077424641513e-01
