1.110252455775701669e-01
1.300735356637668927e-01
1.491862329577090807e-01
1.682151587684901084e-01
1.870488164832370681e-01
2.055980173648513376e-01
2.237889085939022138e-01
2.415593814563526953e-01
2.588571007416212155e-01
2.756383320829094430e-01
2.918671613576578339e-01
3.075148990696412454e-01
1.063282913880033292e-01
1.264606293042202789e-01
1.464738761709523385e-01
1.662764779830473438e-01
1.857903503682330204e-01
2.049469507163686477e-01
2.236857051378718930e-01
2.419533684409999885e-01
2.597037476397259792e-01
2.768975413977342037e-01
2.935021833590530926e-01
3.094916400188649774e-01
1.047985105465535360e-01
1.255238688262513558e-01
1.460625964215973294e-01
1.663427915858630979e-01
1.862967509571172853e-01
2.058616654765951515e-01
2.249802295868106872e-01
2.436011221698022866e-01
2.616793436440591480e-01
2.791764065062969924e-01
2.960603848123375403e-01
3.123058337169113963e-01
1.069513989603990689e-01
1.276344899983386239e-01
1.482340665522066114e-01
1.686356177634340814e-01
1.887466598069001134e-01
2.084888109437318116e-01
2.277943941046837173e-01
2.466048858712010516e-01
2.648701464095662428e-01
2.825479682611922172e-01
2.996037320195581444e-01
3.160100707151927701e-01
1.129163976994111418e-01
1.329312607781730216e-01
1.531189947208718982e-01
1.732726803674224936e-01
1.932441198288586404e-01
2.129194993949068415e-01
2.322075720125978404e-01
2.510335527949702494e-01
2.693357598477978954e-01
2.870636214744426429e-01
3.041763744007812131e-01
3.206421096294071460e-01
1.224240518741713801e-01
1.413005490929656327e-01
1.606796903798561049e-01
1.802541375692282011e-01
1.998079356877832391e-01
2.191810771051886930e-01
2.382501781602298085e-01
2.569176049156204344e-01
2.751051019890209948e-01
2.927498723095681710e-01
3.098020156622472432e-01
3.262227313870754153e-01
1.349553558040408607e-01
1.524353360995127360e-01
1.707336294567164681e-01
1.894714715999413768e-01
2.083742750727409221e-01
2.272370157905040378e-01
2.459024428570177612e-01
2.642474961711638315e-01
2.821747309763840694e-01
2.996067554865476934e-01
3.164824819014555590e-01
3.327544752551766516e-01
1.499231777380285735e-01
1.659299028850128865e-01
1.830028501907098315e-01
2.007335603844853378e-01
2.188105563402494846e-01
2.369942983815687687e-01
2.550982578569930825e-01
2.729755431790400477e-01
2.905096491407944681e-01
3.076080383417194586e-01
3.241976027895000501e-01
3.402213566529183053e-01
