3.967169669045765290e-01
4.000615505792601834e-01
4.035402830777138905e-01
4.071497258670822017e-01
4.108864342777565071e-01
4.147469684831800452e-01
4.187279035974563191e-01
4.228258388851173222e-01
4.270374060891211077e-01
4.313592768938631639e-01
4.357881695481285456e-01
4.403208546803900059e-01
4.015231073215411173e-01
4.048413545436067018e-01
4.082926185677356878e-01
4.118735555941154258e-01
4.155808135744836762e-01
4.194110427937786101e-01
4.233609056303506146e-01
4.274270854866006331e-01
4.316062948934284993e-01
4.358952828012097602e-01
4.402908410786043336e-01
4.447898102471568027e-01
4.065116805821089030e-01
4.098027419367633595e-01
4.132256666044924476e-01
4.167772056809432302e-01
4.204540999946861923e-01
4.242530902917725499e-01
4.281709266572646388e-01
4.322043771638683363e-01
4.363502357479798199e-01
4.406053293228238132e-01
4.449665241461072673e-01
4.494307314662771002e-01
4.116760547318817909e-01
4.149391992840005261e-01
4.183330342656823575e-01
4.218544054600550375e-01
4.255001464709865511e-01
4.292670885127864988e-01
4.331520694932760041e-01
4.371519423781806690e-01
4.412635828349867340e-01
4.454838961627755611e-01
4.498098235221218433e-01
4.542383474854253533e-01
4.170096983079655262e-01
4.202443072301906835e-01
4.236084163806287939e-01
4.270989656862629325e-01
4.307128810990983325e-01
4.344470839949867713e-01
4.382984999192292008e-01
4.422640666658286812e-01
4.463407416859807020e-01
4.505255088298891208e-01
4.548153844327482154e-01
4.592074227619119542e-01
4.225062008770516520e-01
4.257117607838474815e-01
4.290456154681606682e-01
4.325047981558818311e-01
4.360863264262159200e-01
4.397872112244914922e-01
4.436044652727950122e-01
4.475351108638833120e-01
4.515761870322492766e-01
4.557247561037979788e-01
4.599779096324002059e-01
4.643327737370727126e-01
4.281592903693487995e-01
4.313353864840634988e-01
4.346385587240979564e-01
4.380659325019654049e-01
4.416146160404072485e-01
4.452817090055025684e-01
4.490643105857384798e-01
4.529595270015611685e-01
4.569644784376026281e-01
4.610763053971428937e-01
4.652921744842064000e-01
4.696092836246467117e-01
4.339628474109184508e-01
4.371091566764533365e-01
4.403813122289056414e-01
4.437765303203224931e-01
4.472920086011885066e-01
4.509249343809585975e-01
4.546724923800616880e-01
4.585318719569804746e-01
4.625002738013165859e-01
4.665749160904942294e-01
4.707530401134628062e-01
4.750319153698152608e-01
