1.493421025964162485e+00
1.625772832561233283e+00
1.993997918861299734e+00
2.168040208369803601e+00
2.315107361299433286e+00
2.658335108043599959e+00
2.971581885363385300e+00
3.336791899930965144e+00
3.520113011737175501e+00
3.638476919442729773e+00
4.020193086850269104e+00
4.178408863163101117e+00
1.468015061057447168e+00
1.643815348036842039e+00
1.944432741951401811e+00
2.256345632778930632e+00
2.251467449271978616e+00
2.605204825080760234e+00
2.905936058185419668e+00
3.311183894684873064e+00
3.368614092884830935e+00
3.805619137314713463e+00
3.989203141213325754e+00
4.286281326432725081e+00
1.613033009645485016e+00
1.508723639021153584e+00
1.907567618008282340e+00
2.313943936578350957e+00
2.404659838265332361e+00
2.718930395542640266e+00
2.952216020829893761e+00
3.345058337721037667e+00
3.702574649018847364e+00
3.746527637512553799e+00
4.006134731264860527e+00
4.307119283809075050e+00
1.737003164130143329e+00
1.719264381329004943e+00
2.043071549148292920e+00
2.377823410677472271e+00
2.349601975122848518e+00
2.773287918102684380e+00
3.038192486361867228e+00
3.499548123107083519e+00
3.443624104018830234e+00
3.960860879643295807e+00
4.137863596639845376e+00
4.484931186618174692e+00
1.624182343206102885e+00
1.624689824594604204e+00
2.013307203325740868e+00
2.181476158647520869e+00
2.390025541524219754e+00
2.740259717797735917e+00
2.874818436155785140e+00
3.351723019944932158e+00
3.259638387737790133e+00
3.701665828247948653e+00
4.136455318769590050e+00
4.226354042606849326e+00
1.755541353821107986e+00
1.895504439630824711e+00
2.204873832711318649e+00
2.424898053288809141e+00
2.512702135449315755e+00
2.919040817389324527e+00
3.144458155563960577e+00
3.460001300758337894e+00
3.512635543452010900e+00
3.893906366301140398e+00
4.125597549256398544e+00
4.382504665622017015e+00
2.066481901841856761e+00
1.994465600634350855e+00
2.272086164263596775e+00
2.559135636383098156e+00
2.661003964604244931e+00
2.890914765550354204e+00
3.235349969491492672e+00
3.572283465906443745e+00
3.728765874483993770e+00
3.931333256375102891e+00
4.141454483079996862e+00
4.336545609103160004e+00
2.110991217276722232e+00
2.305831086864936097e+00
2.555694807825749315e+00
2.626441608711003184e+00
2.935552527397321754e+00
3.166530206875618259e+00
3.430106472760384939e+00
3.698518050690250192e+00
3.854522859289548187e+00
4.069327410749634666e+00
4.358183199639581673e+00
4.490607716690006690e+00
