2.514213735083040135e-01
2.512993380682382316e-01
2.515474415485787762e-01
2.527139268115863313e-01
2.563543336293079844e-01
2.678991423696925889e-01
3.147975864828027048e-01
7.295210473725136646e-01
1.107532096244575326e-01
8.078396741944159076e-02
3.678790167527605515e-02
3.308747305030005498e-02
1.575352405224150487e-01
4.218175279015691781e-01
1.149219944097933155e+00
2.602308764253904450e+00
4.466256159054252800e-02
1.078294198525575759e-01
1.990768946722034638e-01
3.376411390309754235e-01
5.562130042706271427e-01
8.798612260164576648e-01
1.109141217092029619e+00
6.607405865376212439e-01
1.922563317748487433e-01
2.756978287090508517e-01
3.841228320947941977e-01
5.180480589736552455e-01
6.516303974756098016e-01
6.866348952206535738e-01
4.836027932967922327e-01
1.184035283040231201e-01
3.021882247391409759e-01
3.773430136544489444e-01
4.530017851791247052e-01
5.055349001339841664e-01
4.888090912891273065e-01
3.560669850733615971e-01
1.255662904583753903e-01
1.110254488075509693e-01
3.525184044696568209e-01
3.926095116611372782e-01
4.076137816734240471e-01
3.742603231203360248e-01
2.731902526711301182e-01
1.107293773262957581e-01
7.381759274717122898e-02
2.353500414077666913e-01
