1.675209423185480273e-01
1.057395270931990872e-01
1.192695239123258907e-02
1.217303301139269212e-01
2.979350770776292290e-01
5.075738422895188506e-01
7.254827819073450534e-01
9.163557537889747140e-01
1.551684510105793280e-01
1.059854356126441743e-01
1.814401680074633622e-02
1.277752524822616531e-01
3.500060340118746893e-01
6.460654764092060853e-01
9.654087339020616110e-01
1.216848174305991126e+00
1.155043141381840582e-01
8.653208682705623711e-02
1.997066762868692641e-02
1.202978294644374141e-01
3.970318255200509516e-01
8.740109276931687932e-01
1.462265101737162176e+00
1.810021067168567699e+00
3.966764398997773416e-02
3.399814634268079339e-02
8.480170282592897416e-03
7.061094698775347012e-02
3.121573507479975529e-01
1.102206989232836110e+00
3.068593134119412369e+00
3.260274861038394700e+00
6.244180865503327904e-02
4.754967435897185235e-02
2.152496873940528896e-02
3.078003582865590851e-02
1.633679889144798170e-01
6.990124575175220567e-01
8.804129484196176136e+00
1.765667857257522400e+00
1.588523538989493611e-01
1.243442195557446645e-01
5.391636726171022964e-02
9.560445281851351340e-02
4.286056502968819126e-01
1.150620514476674128e+00
2.176624159427123839e+00
2.296038237939663773e+00
