7.562142290525409871e-01
6.046731786437440359e-01
1.392212021557672541e+00
2.041341949032381198e+00
3.000328181454126497e+00
3.868804915738016881e+00
4.627570524278818098e+00
4.939984118263970103e+00
1.169025965792041433e+00
1.134019003310165807e+00
1.752407752224428350e+00
2.358326245913582309e+00
3.099192502142633199e+00
3.555922170926181014e+00
4.333854989771269040e+00
4.964790076174106837e+00
2.413364512777275817e+00
2.457414905116636739e+00
2.470372090977408952e+00
2.776346593160912590e+00
3.205051958258501976e+00
3.813343742597812280e+00
4.328070523073540343e+00
5.432022594440197416e+00
3.816414217605622827e+00
3.433603813797636128e+00
3.420592628783943212e+00
3.448326001010344921e+00
3.670535770263136488e+00
4.108632286450817794e+00
4.705737816341295066e+00
5.375534017431115252e+00
5.067487199609068682e+00
4.614818513250796173e+00
4.288844205932098141e+00
4.550099861196106765e+00
4.616114474601042517e+00
4.861089083788998622e+00
5.645220654937909366e+00
5.958756162744919038e+00
6.964756709699637227e+00
5.574331660564302737e+00
4.984602614886820326e+00
4.974093791067467407e+00
5.306475289166200149e+00
6.107482391770467700e+00
6.064191305137321741e+00
6.762028971306500047e+00
