5.832688604673076302e-03
2.782444429432864505e-02
9.240335779571737240e-02
2.047148289267457510e-01
3.249046416963338735e-01
4.010150055221029519e-01
4.264330380680064203e-01
4.224264496149700010e-01
1.987128174580023166e-01
2.757434178006112901e-01
4.145859226193633895e-01
5.785996449421768606e-01
6.483297908969101186e-01
6.058642250512266125e-01
5.308120516530535626e-01
4.651375886296367224e-01
4.206632247694913063e-01
6.123801179676970907e-01
9.568265949805681014e-01
1.233068696208033277e+00
1.036075394692360208e+00
7.294541835654226869e-01
5.375077720781291646e-01
4.294631580007692295e-01
6.280366385539712937e-01
1.011648017289216828e+00
1.997896735256087020e+00
2.579487513049281588e+00
1.211172812410103550e+00
5.974971174077781111e-01
3.848692291630251283e-01
2.964042665130367515e-01
7.018636306564746130e-01
1.171299004990839610e+00
3.729883252265544513e+00
4.044212581684330843e+00
2.955334791649316117e-01
8.472031641540089808e-02
6.734818366934886003e-02
7.560575969380679828e-02
4.802401508187114088e-01
3.601484303880434501e-01
2.599693765434833992e+00
5.731693338213577071e+00
1.364358385929635098e+00
6.083542691197554309e-01
3.321260378217550935e-01
1.935781424969874598e-01
