8.554707804742779365e-01
4.972416276786957856e-01
6.452897580522699572e-01
6.800346608489685751e-01
6.759191384165710303e-01
4.510363036593331154e-01
5.741524603881480449e-01
1.185827699879963060e+00
4.699473777458700874e-01
5.696864691518340740e-01
4.347341657377842838e-01
3.294510159920643333e-01
4.025702711897130581e-01
3.363196727323846114e-01
5.984177964686822060e-01
1.233445807578318565e+00
3.843558665940614572e-01
1.656488724656130507e-01
2.764117541241646880e-01
4.160290609643513271e-01
2.703344274938876968e-01
2.877395090834546920e-01
1.804873656922795500e-01
9.309258888200759863e-01
3.497568713982034394e-01
2.342700931623994676e-01
2.237628540978041647e-01
3.495759102300189380e-01
6.453722790001017451e-01
8.393144772423706268e-01
9.123193570750623982e-01
2.879897517835989795e-01
1.114155341433538116e+00
5.759086422028939500e-01
2.422635054012975131e-01
1.032888725776718308e-01
4.227091030861837573e-01
6.284873100067117635e-01
1.603846902181710887e-01
9.419898658024146165e-01
1.954968686522649213e+00
9.856796875455127172e-01
3.848198291248153269e-01
5.638894330381132303e-01
2.243958243046444978e-01
3.046014583321574043e-01
6.404944955176951060e-01
2.579340739257843795e-01
