2.491082438772203720e-07
4.509812540721454242e-07
6.485593754869188366e-07
7.226156674147922989e-07
5.730808703457015948e-07
2.856170330351214500e-07
1.540686835838827694e-08
1.783809802969578345e-07
9.250478017471752856e-08
3.257425823934527329e-07
6.170473154254404933e-07
7.698813325365228154e-07
5.348870723414364005e-07
1.367412453953194701e-07
1.513642673775874558e-07
3.165059889611520268e-07
1.204362945222821713e-07
1.025310402393089028e-07
5.079141020339729601e-07
8.649387912529691125e-07
4.247595470957142972e-07
9.664276789395404858e-08
3.357681144845717030e-07
4.383413390136425042e-07
3.678410340058968671e-07
2.485109788791991233e-07
1.269833599921120869e-07
1.153601901533647135e-06
7.323565794056958593e-08
3.703474102257370921e-07
4.717145960005626707e-07
5.045240781766401353e-07
5.696287481692565693e-07
5.956865984935565195e-07
6.773878921747524088e-07
6.448631399160913867e-06
3.895692357273660297e-07
4.503539214108890539e-07
4.725646367372424687e-07
4.840023321559399651e-07
6.269347972308331013e-07
6.375793850147126594e-07
5.580145247705445533e-07
4.002800655818560805e-08
2.140097249307697840e-08
2.357912043098028256e-07
3.319703529964463634e-07
3.816067355897710967e-07
