1.212039893010255831e+00
1.022862317415653033e+00
5.109551723210553620e-01
8.387752738720322121e-01
1.364035475775718265e+00
1.516166800961341599e+00
1.911099695800709819e+00
2.016498652375430467e+00
5.658042014072991455e-01
6.588722929687574892e-01
5.305487843698862838e-01
5.414117589631975980e-01
7.557818648413557883e-01
7.995411904040389262e-01
1.093639717374818465e+00
1.657701021567992150e+00
1.574107519831597635e-01
2.133662469086903823e-01
3.924277525258135224e-01
3.286306053319061893e-01
3.987750320589099062e-01
5.897264262420557346e-01
8.472099764741132244e-01
7.819563565655123227e-01
4.855258147649444966e-01
4.190391287785903973e-01
2.258619305101460251e-01
2.716305120241840898e-01
2.680377125336917965e-01
3.364620311999999558e-01
4.412119999044640251e-01
3.331666082763492520e-01
1.475421044173061524e+00
9.412337310787382005e-01
7.038318751272941709e-01
4.733872258409569933e-01
3.044064827599768375e-01
5.195686748589117832e-02
2.715662616555633568e-01
3.437806043422972357e-01
2.411012410430894537e+00
1.366584435187166768e+00
6.369796304642433293e-01
3.558415036623533978e-01
5.075815264113727743e-01
4.725807343728652965e-01
4.019682992443053826e-01
2.758883506919455608e-01
