1.589933604979350268e-02
1.499343042983601257e-02
2.062113592840962573e-02
3.294771344463422874e-02
4.854063523691855286e-02
6.305507231413708114e-02
7.421308588425852559e-02
8.188026391427119521e-02
4.191135214592515285e-02
4.322764242961141257e-02
5.229525419904661881e-02
6.816809503014328864e-02
8.357523545090858597e-02
9.342051509191913461e-02
9.811299395214373442e-02
9.974270565417664436e-02
7.712306829261464380e-02
9.014790952377058075e-02
1.152362040139525007e-01
1.361491754415098399e-01
1.357949798423502552e-01
1.263249320577036205e-01
1.174395563528671388e-01
1.107982614263517823e-01
1.077305504957286053e-01
1.528127271286263411e-01
2.878057254387604846e-01
2.991566085271727404e-01
1.830103570073407238e-01
1.353684267814138087e-01
1.154640213341496385e-01
1.055074857139229050e-01
8.512617296032851111e-02
8.043929065154788172e-02
4.457397296029251554e-02
3.885979965991771118e-02
5.892770744043882708e-02
7.110827172658319706e-02
7.531250376317437378e-02
7.736373330514298430e-02
7.847311651278256195e-03
9.991649696569031291e-02
3.596594571041676902e-01
3.636525913582380198e-01
1.391754244877590474e-01
3.536145636775132883e-02
9.863317713677016707e-03
3.270858762298611139e-02
