4.378151061981153669e-01
4.366941009673271923e-01
4.080009476018584547e-01
3.757064414863504065e-01
3.528706187905378822e-01
3.387756681081557364e-01
3.302111977600223902e-01
3.248852940998719907e-01
5.995196236297182235e-01
6.076775759726100734e-01
4.907651861404065952e-01
3.876383980489250258e-01
3.378093439838825707e-01
3.160445884013342033e-01
3.063776426802997110e-01
3.020397131516810441e-01
8.177813969894238699e-01
1.043610954908062327e+00
6.264646506141732241e-01
3.430352661720142970e-01
2.760598642992053708e-01
2.622213343460043089e-01
2.615877357449054030e-01
2.644559700692802329e-01
8.741895436291330368e-01
1.997855105248435681e+00
5.851054425959262284e-01
7.270540394640842563e-02
1.201361971637849302e-01
1.612468199129912239e-01
1.893378076861709502e-01
2.091079564242528110e-01
6.353660654937282048e-01
6.086131990507619438e-01
3.246207786046224175e+00
6.171564340387506453e-01
1.509614977517324541e-01
9.682598349094037257e-03
8.902806789105559282e-02
1.359701570000070303e-01
4.053050544531033306e-01
8.509982034722297917e-02
9.287042965546034035e-01
8.983206956517346686e-01
4.117366039855814286e-01
1.595230946046590215e-01
2.734508447615120047e-02
5.040264054934084914e-02
