7.586422530221049731e-01
9.387804139315840679e-01
1.162340647647291947e+00
1.419673126826652920e+00
1.674547974149559693e+00
1.860487801172798550e+00
1.911133823297542111e+00
1.812824346479885440e+00
6.789296168496272710e-01
8.839363948705866170e-01
1.171680607714371547e+00
1.555459450338257055e+00
1.996389509094605330e+00
2.343475045686536973e+00
2.394490409260711772e+00
2.130757452835804422e+00
5.340537007573288308e-01
7.326595379736304814e-01
1.059377395181685833e+00
1.607296127479773018e+00
2.455141046072272903e+00
3.313585195552682716e+00
3.304337035107967502e+00
2.485686649934658377e+00
3.162459766579406306e-01
4.409425197939679797e-01
6.813127231853410848e-01
1.220039345345641735e+00
2.674764850587002751e+00
6.145738919827093305e+00
5.187499673328002103e+00
2.242045792354667277e+00
5.853176775445845942e-02
4.454663622460128258e-02
1.417282045583020782e-02
6.876265567735616313e-02
4.313943503854766326e-01
9.196775562895597389e+00
1.942061164998842626e+00
3.120220870839262584e-01
1.654712518724240633e-01
2.993848949544116733e-01
5.562838305861267374e-01
1.112434611295813891e+00
2.425738403721743541e+00
4.477520972599312366e+00
3.632402386765335223e+00
1.833751894146727235e+00
