4.358347459967381043e-01
7.108737940283860191e-01
1.159267275289431298e+00
1.371408094950655521e+00
3.982023838388387138e-01
9.714044675650550520e-01
4.191437941325613092e-01
1.462009496453105184e+00
9.681120031990089192e-01
1.118614290760270080e+00
8.010960016437497444e+00
1.404254838016290918e+00
5.977658998985920791e-01
9.294897032014318716e-01
2.854971331755260078e+00
2.630603169370398509e-01
2.236999553838746047e-01
5.279769877968886194e-01
2.955414140193829420e-01
6.480620145107469643e-01
1.459192974601758674e+00
3.858527368378664169e-01
2.458914058865091790e-01
2.115401279369601706e-01
1.942278533263042561e+00
2.661870441293671119e-01
2.753671921345581808e-01
1.919876504911849802e+00
