5.132327478289692158e-01
9.031633547759720937e-01
1.354352643361224517e+00
1.670283110174515251e+00
4.904094673681251848e-01
5.428048111977622492e-01
5.518390466828561047e-01
1.690187720888295830e+00
1.051044113649967082e+00
1.389293283809608814e+00
5.634486122089136018e+00
7.841037314248797685e-01
7.207486960871274384e-01
1.034767572843781958e+00
1.800345300098256329e+00
2.940189622335281361e-01
2.760967769278223627e-01
4.267850536385398574e-01
3.024928080804173969e-01
4.355636170119727701e-01
1.886808398781871787e+00
3.690680757331994410e-01
3.375170513582603227e-01
2.620438743939140225e-01
2.163334513115451330e+00
3.638470057198373020e-01
3.258658572037154144e-01
2.170166541000559501e+00
