4.857372430621840209e-01
7.934642682611622311e-01
1.165487810595520646e+00
1.396796696977580243e+00
4.355939986112371543e-01
9.925923097628387426e-01
4.532790766896736545e-01
1.474365155557367135e+00
1.000889286499667019e+00
1.143326552390999895e+00
8.098497542553392492e+00
1.457034128934382888e+00
6.659281540841974767e-01
9.603706099129083462e-01
2.871106800495472289e+00
2.773870771055213513e-01
2.434431895029856019e-01
5.297910651754913491e-01
2.959580516998568389e-01
6.654449285191580410e-01
1.465498766101140937e+00
3.865061309864998296e-01
2.616177818171147029e-01
2.399362450988943574e-01
1.939178405674447658e+00
3.013898105105283221e-01
2.793152408128973252e-01
1.934407844964048273e+00
