3.584367441645070484e-01
5.185842332807999444e-01
9.641819072176380789e-01
1.072533079726795791e+00
3.059953003095522428e-01
1.400004123932347744e+00
2.864485415822665137e-01
1.233831272017914538e+00
8.851798927480507562e-01
8.479352977109313461e-01
1.038743391078585887e+01
2.024405944607702068e+00
4.747831037100567197e-01
8.242118335590817857e-01
3.909597363412264048e+00
2.321016716405515934e-01
1.713031338399268466e-01
6.291689219552374368e-01
2.885900199583484871e-01
8.605604120095211584e-01
1.031577550421645784e+00
4.026373979425333927e-01
1.542657604147580352e-01
1.610363814800063187e-01
1.721222553410633793e+00
1.685270825388969218e-01
2.248685270654008916e-01
1.669586468823140102e+00
