2.083713142299092325e-01
4.406721195884126807e-01
3.216331302767168610e-01
1.620572135872636044e-01
1.961361614652222252e-01
3.174855641164043618e+00
2.587129038392381175e-01
3.426320368494698565e-01
4.151435917689277888e-01
3.207573708335108575e-01
5.450458174277170720e-01
7.673726056192082812e-01
2.711764346127369385e-01
3.009482594910702913e-01
3.257639045069029571e-01
1.893043072099890589e-01
7.537140592836830133e-02
3.586931479851572235e-01
1.137168290713472668e-01
2.761495579594149152e+00
4.072413073985881038e-01
1.830078690520577089e-01
7.988252427639978837e-02
3.033634318761722626e-01
4.391669609818312781e-01
8.539018919897345405e-02
1.635459251972153361e-01
3.367649830302226199e-01
