2.233490904145702949e-01
5.890960693322757624e-01
3.572688962244395805e-01
2.082771226212658811e-01
2.202978045096877502e-01
2.153205375738256322e+00
2.842017784181145035e-01
3.219635492766883544e-01
5.507204400951279943e-01
4.253080553119829577e-01
5.444693514854971328e-01
4.257653286058864506e-01
2.901301360879496305e-01
3.830075798286473598e-01
1.727624625059563379e-01
1.861576780725751890e-01
8.118943356707528092e-02
4.478920588397354852e-01
8.080433755837487797e-02
1.375375650090545632e+00
3.823803275513094069e-01
1.331150978751073632e-01
1.071368666773849093e-01
4.197333587280737688e-01
5.614984513694384338e-01
1.085247592675715189e-01
1.270546441476218258e-01
3.888361822595263195e-01
