1.933935380452481423e-01
2.922481698445495435e-01
2.859973643289941414e-01
1.158373045532613138e-01
1.719745184207567001e-01
4.196505906589830914e+00
2.332240292603617038e-01
3.633005244222513030e-01
2.795667434427275833e-01
2.162066863550388129e-01
5.456222833699370112e-01
1.108979882632530112e+00
2.522227331375242465e-01
2.188889391534932505e-01
4.787653465078495763e-01
1.924509363474029289e-01
6.955337828966133562e-02
2.694942371305789619e-01
1.466293205843196557e-01
4.147615509097752451e+00
4.321022872458668562e-01
2.329006402290080546e-01
5.262818187541466047e-02
1.869935050242707286e-01
3.168354705942241778e-01
6.225561913037538919e-02
2.000372062468088741e-01
2.846937838009188648e-01
