2.982877308040394193e-01
6.011132749862937441e-01
3.957435669591239935e-01
2.588191268363392861e-01
2.699404124861423115e-01
3.281292688556211701e+00
3.315948499792456539e-01
4.235412159275739885e-01
5.371162838180058019e-01
4.232796676776444111e-01
6.772376175013473665e-01
7.746359570451021304e-01
3.873166705411144051e-01
4.141207640063370166e-01
3.399921804915165824e-01
2.312122958914625270e-01
1.277903072716527200e-01
3.796581587752004272e-01
1.347614576646889994e-01
2.831887427089205378e+00
4.817822336110361148e-01
2.017751699340449845e-01
1.210491589568844090e-01
3.812285743551684369e-01
5.078523082540896683e-01
1.365520185320157343e-01
2.083380168140833710e-01
4.368299672354513663e-01
