4.537028839501302535e-01
4.615024183539219726e-01
4.345050086631676578e-01
3.632301605010678780e-01
2.632965193268955173e-01
1.671005111602990312e-01
9.576984036034165426e-02
5.122539746252754295e-02
5.417567128382960728e-01
5.837881843269345783e-01
5.712886646827881609e-01
4.604550257530282686e-01
2.829961070234916498e-01
1.300519600280137522e-01
3.955794159803066590e-02
3.230799964876331087e-03
6.407944461585344254e-01
7.626210502558061766e-01
8.312674881198705013e-01
6.499763418105094503e-01
2.676604050762680931e-01
2.196036262620504331e-02
6.595703470109687272e-02
8.485397531384934744e-02
7.116364867741502565e-01
9.673731631498702077e-01
1.381047201035459748e+00
1.181273136949232638e+00
1.135618254986949481e-02
2.494774133827867280e-01
2.354696749194261363e-01
1.902003527112924863e-01
6.787283146868133832e-01
9.684085065863726749e-01
1.848584331620554577e+00
1.013645375306180441e+01
1.374919272994638453e+00
6.809498645357956459e-01
4.255865195126368739e-01
2.941708642694895182e-01
5.204659112593496006e-01
5.993908163439554126e-01
4.927025015649587059e-01
1.311729750250881343e+00
1.532648999862603612e+00
8.460541423418649343e-01
5.256671368380121390e-01
3.588372477597567833e-01
