2.181896537166851946e+00
2.326065875266097205e+00
2.378412000893018963e+00
2.371288433504505910e+00
2.485900128104096662e+00
2.748958187715827783e+00
2.981853716588784398e+00
3.509061301989274018e+00
2.174674324338728315e+00
2.419339676524512761e+00
2.293807580863432172e+00
2.205407103698019178e+00
2.375949215563152528e+00
2.368234512293641902e+00
2.688560122413332643e+00
3.136632501498865189e+00
2.313754131280697734e+00
2.144642649514931332e+00
2.083927269672231741e+00
2.013338382064098209e+00
2.234194068357171936e+00
2.272670224741217382e+00
2.406061830897305853e+00
2.839984624444080730e+00
2.165156393335169849e+00
2.117628143657151796e+00
2.161951429822329906e+00
2.096125075187136755e+00
2.037103378049664126e+00
2.099743662049338155e+00
2.100567112857271379e+00
2.342755368576592279e+00
2.096126339029919627e+00
1.945969860226849146e+00
2.010745657836471079e+00
1.921780535866584261e+00
2.029676146616011589e+00
2.050965812610838768e+00
2.121406749186884877e+00
2.128397863866173356e+00
1.793681610180767771e+00
1.948995703919125910e+00
1.917048648441239456e+00
1.868922398790940465e+00
1.917178445906664752e+00
1.798479430336452634e+00
1.913150338986340016e+00
1.961443284726177794e+00
